business,license,email,phone,city,zip,county,license_type,trade_name
AFFORDABLE CANNABIS LLC ,DAAA-4YLJ-MSMT,BELINDASLAKEPARADISE@GMAIL.COM,5803202301,ADA,74820,PONTOTOC,dispensaries, AFFORDABLE CANNABIS LLC
ALL NATURAL SOLUTIONS LLC ,DAAA-7AIW-VKIL,ALLNATURALADA@ATT.NET,5802724041,ADA,74820,PONTOTOC,dispensaries, ALL NATURAL SOLUTIONS
"ALPHA DISPENSARY OF OKLAHOMA, LLC ",DAAA-IAAN-QZA7,NEW.GARDEN.OK@GMAIL.COM,4048893333,ADA,74820,PONTOTOC,dispensaries,
CAIN'S CANNABIS ,DAAA-4KEO-TRND,TWOCAINS@YAHOO.COM,5802798435,ADA,74820,PONTOTOC,dispensaries, 2 CAIN'S LLC
CHIMNEY HILL APOTHECARY LLC ,DAAA-E11N-WX1L,CHIMNEYHILLAPOTHECARY@GMAIL.COM,5802790514,ADA,74820,PONTOTOC,dispensaries, CHIMNEY HILL APOTHECARY LLC
COLECAMP INC ,DAAA-EKJK-35PE,FLOWERCHILDORGANICSADA@GMAIL.COM,5805599220,ADA,74820,PONTOTOC,dispensaries, COLECAMP INC DBA FLOWER CHILD ORGANICS
"DAWN'S LIGHT, LLC ",DAAA-4K8B-V6IS,ARCHIEVANHORN@YAHOO.COM,5802724305,ADA,74820,PONTOTOC,dispensaries, DAWN'S LIGHT
"FLOWER-ON PRODUCTIONS, LLC ",DAAA-XH5T-95RJ,FLOWERONPRODUCTIONS@GMAIL.COM,5804651769,ADA,74820,PONTOTOC,dispensaries, FLOWER FACTORY FINE CANNABIS
"GREEN SUPREME DISPENSARY, LLC ",DAAA-EYOB-KFIV,GREENSUPREME2019@GMAIL.COM,4054206370,ADA,74820,PONTOTOC,dispensaries, GREEN SUPREME
HAZE THERAPEUTICS LLC ,DAAA-4J26-L4KG,DAVIDBAYSIDE@GMAIL.COM,5803993370,ADA,74820,PONTOTOC,dispensaries,
KSPM MEDICAL LLC ,DAAA-4JMT-NXSO,KEVINOKC405@GMAIL.COM,4053712484,ADA,74820,PONTOTOC,dispensaries, CBD PLUS USA
NATIVE HARVEST LLC ,DAAA-EJNQ-IBYL,MARTYL@BIGREDSPORTS.COM,4056065588,ADA,74820,PONTOTOC,dispensaries,
PAMELA BRANNON ,DAAA-VKDP-HYFV,PT_550@HOTMAIL.COM,5802796971,ADA,74820,PONTOTOC,dispensaries, PARADISE DISPENSARIES
DIESEL CANNABIS COMPANY ,DAAA-VJD6-BUE4,LEDDY.MICHAEL@ICLOUD.COM,7193515122,BETHANY,73008,OKLAHOMA,dispensaries, DIESEL
FIRE HOUSE LLC ,DAAA-UISI-Z823,V.M.GREENJR@GMAIL.COM,4059628438,BETHANY,73008,OKLAHOMA,dispensaries,
"GAYLE'S MEDICAL MARIJUANA, LLC ",DAAA-E1YY-THU9,GAYLESMMLLC@GMAIL.COM,4052016178,BETHANY,73008,OKLAHOMA,dispensaries, GAYLE'S DISPENSARY
IRIE COUGHEE SHOP L.L.C. ,DAAA-4JIM-62W0,IRIECOUGHEE@GMAIL.COM,4055144226,BETHANY,73008,OKLAHOMA,dispensaries, IRIE COUGHEE SHOP L.L.C.
KNUCKLEHEADS DISPENSARY LLC ,DAAA-B09C-S0FQ,MONTY_DANIELS@YAHOO.COM,4052749442,BETHANY,73008,OKLAHOMA,dispensaries, KNUCKLEHEADS DISPENSARY
KOTTON MOUTH DISPENSARY LLC ,DAAA-TOI2-8KUX,COURTNEYTHANPHACHANH@ICLOUD.COM,4056251684,BETHANY,73008,OKLAHOMA,dispensaries, KOTTON MOUTH DISPENSARY
MEDICANN-OK LLC ,DAAA-E1KS-QXIB,MEDICANNOK@GMAIL.COM,4054700642,BETHANY,73008,OKLAHOMA,dispensaries,
NEEDHAM JO ENTERPRISE LLC ,DAAA-4J2K-YMIV,DAVID.WALKER3524@GMAIL.COM,8189705222,BETHANY,73008,OKLAHOMA,dispensaries, THE GREAT BARRIER REEFER MEDICAL DISPENSARY
SB BETHANY LLC ,DAAA-EKCA-1V0Q,JJJONES3030@ICLOUD.COM,4058088726,BETHANY,73008,OKLAHOMA,dispensaries, STARBUDS
THE LEAF HEALTHY LIVING LLC ,DAAA-41JK-ZF51,V.M.GREENJR@GMAIL.COM,4059628438,BETHANY,73008,OKLAHOMA,dispensaries, THE LEAF
"THE SMELLY CLOUD, LLC ",DAAA-VJ7R-HTKX,MIKEARNETT1@GMAIL.COM,4057670522,BETHANY,73008,OKLAHOMA,dispensaries,
CANNABLESS RETAIL 9 LLC ,DAAA-NYB2-8IQU,EVICTORNGO@GMAIL.COM,4056354814,BETHANY,73008,OKLAHOMA,dispensaries, CANNABLESS RETAIL 9
"RT 66 ORGANICS, INC. ",DAAA-NJ2F-BAE2,TBIRD@66CANNABIS.COM,4056272930,BETHANY,73008,OKLAHOMA,dispensaries, RT66 ORGANICS
"HIGHBORN NATURAL MEDS, LLC ",DAAA-SZSX-ENPJ,HIGHBORN.NATURAL@GMAIL.COM,7605006905,BIG CABIN,74332,MAYES,dispensaries,
MAINSTREET 420 SHOP ,DAAA-41NI-4FPS,MAINSTREET420SHOPLLC@YAHOO.COM,4059331358,BINGER,73009,CADDO,dispensaries,
BRIAN'S BRAIN  FOOD LLC ,DAAA-4JJE-UTYO,BEPOWLEY@AOL.COM,4057223663,OKLAHOMA CITY,73162,OKLAHOMA,dispensaries, BRIAN'S BRAIN FOOD LLC
ELLISON INVESTMENTS ,DAAA-VYV4-WP9L,GREENLEAFSUPPLYOKC@GMAIL.COM,4052103007,OKLAHOMA CITY,73162,OKLAHOMA,dispensaries, DOPE DISPENSARIES OR A DOPE CANNABIS CO
KURED CANNABIS COMPANY LLC ,DAAA-NJEX-EXW7,CODYHARDRIDGE@GMAIL.COM,4056501114,OKLAHOMA CITY,73162,OKLAHOMA,dispensaries,
PJ&K MEDICAL LLC ,DAAA-NKID-XKHP,KEVINOKC405@GMAIL.COM,4053712484,OKLAHOMA CITY,73162,OKLAHOMA,dispensaries, CBD PLUS USA
STEADY EDDI LLC ,DAAA-4JDP-18FU,JESSICACHUMPHREY@YAHOO.COM,4058160420,OKLAHOMA CITY,73162,OKLAHOMA,dispensaries,
"TERRY0528, LLC ",DAAA-VQZI-VU0X,JFD711@GMAIL.COM,2482488848,OKLAHOMA CITY,73162,OKLAHOMA,dispensaries, CAPITAL DANK
TRUMED ,DAAA-VKK4-NQZE,NYKATTAN@GMAIL.COM,9726934255,OKLAHOMA CITY,73162,OKLAHOMA,dispensaries, TRUMED
STARS AND STRIPES DISPENSARY LLC ,DAAA-EK4M-KRLM,CHRISTOPHERJAMES1977@ICLOUD.COM,6826679348,OKLAHOMA CITY,73169,OKLAHOMA,dispensaries, STARS & STRIPES
"DL-MNMVENTURES, LLC ",DAAA-4KMQ-QQV5,DL_MNMVENTURES@YAHOO.COM,4055132080,OKLAHOMA CITY,73170,OKLAHOMA,dispensaries, BUDDIES CANNABIS CO. - MOORE
GREEN MEDICAL PATIENTS LLC ,DAAA-N1LJ-WTVP,CPARK@M2PCS.COM,2546308556,OKLAHOMA CITY,73170,CLEVELAND,dispensaries, GREENDOCTOR420
GREEN MESA DISPENSARY LLC ,DAAA-LZAO-VZSW,CSISERVICESOKC@GMAIL.COM,4054569997,OKLAHOMA CITY,73170,CLEVELAND,dispensaries, GREEN MESA DISPENSARY
HIGHER GARDEN LLC ,DAAA-4J6A-L6WQ,JOHN@HIGHERGARDENOK.COM,4052415377,OKLAHOMA CITY,73170,CLEVELAND,dispensaries, HIGHER GARDEN
KD VENTURES LLP ,DAAA-VY5S-OIJ6,THEFARMACYON149@GMAIL.COM,4054734220,OKLAHOMA CITY,73170,CLEVELAND,dispensaries, THE FARMACY DISPENSARY
MTMB MEDICAL LLC ,DAAA-2YD5-FHNE,BAKERSMEDICAL@GMAIL.COM,4052298746,OKLAHOMA CITY,73170,OKLAHOMA,dispensaries, CHEERS CANNABIS
"ROMP MEDICINAL, LLC ",DAAA-V1DC-HKUT,PJ@CBDPLUSUSA.COM,4054175333,OKLAHOMA CITY,73170,OKLAHOMA,dispensaries,
"THE SMELLY CLOUD, LLC ",DAAA-EYNR-JYK7,VIC@CANNABLESS.CO,4056354814,OKLAHOMA CITY,73170,OKLAHOMA,dispensaries, CANNABLESS
"RED RIVER REEFER, LLC ",DAAA-V1UQ-OECR,REDRIVERREEFER@GMAIL.COM,9723585400,OKLAHOMA CITY,73173,OKLAHOMA,dispensaries,
TWISTED EXTRACTS LLC ,DAAA-NKLW-BPZH,MASONBRIANNE3@GMAIL.COM,4056691938,OKLAHOMA CITY,73173,CLEVELAND,dispensaries, KUSH GARDENS
BO & JA TRUCKING CORP ,DAAA-4YKZ-SHBW,JAYAAA@AOL.COM,4058241874,OKLAHOMA CITY,73179,OKLAHOMA,dispensaries, THE WILD WOOD WEED
"HIGHER GARDEN, LLC ",DAAA-E1MH-PSWU,JOHN@HIGHERGARDENOK.COM,4052415377,OKLAHOMA CITY,73179,OKLAHOMA,dispensaries,
TERRA WELLNESS LLC ,DAAA-NYC9-UF3X,CODY@TERRAWELLNESSOK.COM,4058316931,OKLAHOMA CITY,73179,OKLAHOMA,dispensaries,
SOK 1 LLC ,DAAA-NKHY-INEU,JMEREDITH@SOKMGT.COM,4057922468,OKLAHOMA CITY,73116,OKLAHOMA,dispensaries, STEM ON MAY
CANNA EXPRESS 1 LLC ,DAAA-4JV0-NQSK,GHUFFMAN@IWREALTY.COM,4057522525,OKLAHOMA CITY,73127,OKLAHOMA,dispensaries,
"OKC RETAIL #1, LLC ",DAAA-4KSG-WJGE,JOE.J.CORREIA@GMAIL.COM,5802200397,OKLAHOMA CITY,73139,OKLAHOMA,dispensaries, SOLACE MEDS
"CROSSROADS CANNABIS 1, LLC ",DAAA-V1YN-ZOKO,KIRK.WARREN@YAHOO.COM,4058163659,OKLAHOMA CITY,73149,OKLAHOMA,dispensaries, CROSSROADS CANNABIS
CANNA EXPRESS 2 LLC ,DAAA-41ES-AMAU,GHUFFMAN@IWREALTY.COM,4057522525,OKLAHOMA CITY,73107,OKLAHOMA,dispensaries,
"LA 2 OK, LLC ",DAAA-NKCR-MC3E,LUISCM2525@YAHOO.COM,3233842435,OKLAHOMA CITY,73129,OKLAHOMA,dispensaries,
"STARS AND STRIPES DISPENSARY 2, LLC ",DAAA-VKED-VD4W,CHRISTOPHERJAMES1977@ICLOUD.COM,4057270100,OKLAHOMA CITY,73170,CLEVELAND,dispensaries, STARS AND STRIPES DISPENSARY
CANNABLESS RETAIL 3 LLC ,DAAA-C3A1-O2IQ,LEGAL@CANNABLESS.CO,4056354814,OKLAHOMA CITY,73104,OKLAHOMA,dispensaries, CANNABLESS
"OKLAHOMA NATURAL CURES 3, INC. ",DAAA-VJV7-YD48,TIM@HIGHSOCIETYOK.COM,4054735870,OKLAHOMA CITY,73107,OKLAHOMA,dispensaries,
"STKC 3, LLC ",DAAA-N6YJ-6EID,KWAGS04@GMAIL.COM,8184483278,OKLAHOMA CITY,73127,OKLAHOMA,dispensaries, HOUSE OF DANK DISPENSARY
CANNABLESS RETAIL 4 LLC ,DAAA-4KDR-CACP,CSISERVICESOKC@GMAIL.COM,4054569997,OKLAHOMA CITY,73103,OKLAHOMA,dispensaries, CANNABLESS RETAIL 4
"STARS AND STRIPES DISPENSARY 4, LLC ",DAAA-4YST-ETKS,SAEEGH@HOTMAIL.COM,6826679348,OKLAHOMA CITY,73112,OKLAHOMA,dispensaries, STARS AND STRIPES DISPENSARY
CANNABLESS RETAIL 5 LLC ,DAAA-41WD-3T0P,CSISERVICESOKC@GMAIL.COM,4054569997,OKLAHOMA CITY,73104,OKLAHOMA,dispensaries, CANNABLESS RETAIL 5
ALTCARE 5 LLC ,DAAA-4JIL-FKHP,PAUL@FIRELEAFOK.COM,4054760908,OKLAHOMA CITY,73159,CLEVELAND,dispensaries, FIRE LEAF
CANNABLESS RETAIL 6 LLC ,DAAA-EJML-CRVU,CSISERVICESOKC@GMAIL.COM,4054569997,OKLAHOMA CITY,73109,OKLAHOMA,dispensaries, CANNABLESS RETAIL 6
"CANNABLESS RETAIL 7, LLC ",DAAA-AHOA-T5GD,VIC@CANNABLESS.CO,4056354814,OKLAHOMA CITY,73132,OKLAHOMA,dispensaries,
ALTCARE 7 LLC ,DAAA-VYFH-BJHP,PAUL@FIRELEAFOK.COM,4054760908,OKLAHOMA CITY,73139,OKLAHOMA,dispensaries, FIRE LEAF
CANNABLESS RETAIL 8 LLC ,DAAA-NQTG-Z470,CSISERVICESOKC@GMAIL.COM,4054569997,OKLAHOMA CITY,73170,CLEVELAND,dispensaries, CANNABLESS
ALTCARE 9 LLC ,DAAA-VYDZ-UJ2V,PAUL@FIRELEAFOK.COM,4054760908,OKLAHOMA CITY,73127,OKLAHOMA,dispensaries, FIRE LEAF
CANNABLESS RETAIL 10 LLC ,DAAA-9I0K-8TUX,CSISERVICESOKC@GMAIL.COM,4054569997,OKLAHOMA CITY,73132,OKLAHOMA,dispensaries, CANNABLESS
GREEN MOTAVATION 11 LLC ,DAAA-4JMM-MEGL,GREENMOTAVATION2@GMAIL.COM,4056062717,OKLAHOMA CITY,73139,OKLAHOMA,dispensaries,
ALTCARE 12 LLC ,DAAA-4JBG-TECD,PAUL@FIRELEAFOK.COM,4054760908,OKLAHOMA CITY,73108,OKLAHOMA,dispensaries, FIRE LEAF
"CLOUD 13, LLC ",DAAA-E18W-SQOR,MANAGER@CLOUD13RX.COM,4054389333,OKLAHOMA CITY,73139,OKLAHOMA,dispensaries, CLOUD 13 RX
ALTCARE 15 LLC ,DAAA-VYHO-FK1P,TYLERDOOLITTLE@ME.COM,4054884149,OKLAHOMA CITY,73114,OKLAHOMA,dispensaries, FIRE LEAF
CANNACORP 18 LLC ,DAAA-98OH-9WB9,DLEONARDOK@YMAIL.COM,4056305777,OKLAHOMA CITY,73119,OKLAHOMA,dispensaries, CANNABUS DISPENSARY
LENSE 22 SOCIETY ,DAAA-EJIO-VDTI,CORBINADO@GMAIL.COM,4052028656,OKLAHOMA CITY,73116,OKLAHOMA,dispensaries, LIKEWISE CANNABIS
GSO 23RD LLC ,DAAA-EKX6-MNPZ,BLAIR.NAIFEH@GMAIL.COM,4059244240,OKLAHOMA CITY,73008,OKLAHOMA,dispensaries, GREEN SPRINGS OKLAHOMA
"OKLADISPO 36TH STREET, LLC ",DAAA-TY4K-CYXJ,BLAKE@THEPEAKOK.COM,4055340005,OKLAHOMA CITY,73112,OKLAHOMA,dispensaries, THE PEAK 36TH STREET DISPENSARY
46 RELEAF NO.4 LLC ,DAAA-VJMC-IP87,46RRELEAFNO4@GMAIL.COM,4053610995,OKLAHOMA CITY,73139,OKLAHOMA,dispensaries, 46 RELEAF NO. 4 LLC
87 DISPENSARY LLC ,DAAA-N1WN-ZRTO,RMOFFETT69@YAHOO.COM,4058301529,OKLAHOMA CITY,73129,OKLAHOMA,dispensaries, 87 DISPENSARY
"THE HEAL 365, LLC ",DAAA-N177-QRBO,LINDA.K.JHONG@GMAIL.COM,8082561324,OKLAHOMA CITY,73162,OKLAHOMA,dispensaries," THE HEAL 365, LLC"
405 SMOKE LLC ,DAAA-NKZN-5FMC,BROCHOSS@ME.COM,4059790393,OKLAHOMA CITY,73129,OKLAHOMA,dispensaries, 405 SMOKE
405 BUDZ SOUTH LLC ,DAAA-OSR6-BDLC,405BUDZ@GMAIL.COM,4053142225,OKLAHOMA CITY,73159,OKLAHOMA,dispensaries, 405 BUDZ
405 BUDZ 2 LLC ,DAAA-4YWQ-4MB4,405BUDZ@GMAIL.COM,4056182717,OKLAHOMA CITY,73106,OKLAHOMA,dispensaries, 405 BUDZ
"405 GAS STATION 3, LLC ",DAAA-EKWM-A6ER,405GASSTATION3@GMAIL.COM,4054734550,OKLAHOMA CITY,73109,OKLAHOMA,dispensaries,
405 RELEAF #3 LLC ,DAAA-KO0Z-CONG,OKC405RELEAF@YAHOO.COM,2485359993,OKLAHOMA CITY,73112,OKLAHOMA,dispensaries, 405 RELEAF #3 LLC
"420 APOTHECARY, LLC ",DAAA-4YKP-8HD9,420APOTHECARYOK@GMAIL.COM,8329549469,OKLAHOMA CITY,73108,OKLAHOMA,dispensaries,
"HAPPY ROOT 420, LLC ",DAAA-E1PD-ERMW,AJ@HAPPYROOT420.COM,2142802040,OKLAHOMA CITY,73114,OKLAHOMA,dispensaries, HAPPY ROOT 420 - OKC
EPIC HEALING 420 LLC ,DAAA-IBUZ-F75J,EPICHEALING420@GMAIL.COM,4052509119,OKLAHOMA CITY,73127,OKLAHOMA,dispensaries, EPIC HEALING 420
"420 CANNABIS KINGS, LLC ",DAAA-NKJD-XWU4,RICKDIMENT@GMAIL.COM,4058189049,OKLAHOMA CITY,73179,OKLAHOMA,dispensaries, CANNABIS KINGS
710 FACTORY LLC ,DAAA-E1L6-GUGF,THE710FACTORYLLC@GMAIL.COM,4059681703,OKLAHOMA CITY,73106,OKLAHOMA,dispensaries, 710 FACTORY
809 SW 89TH LLC ,DAAA-V1XI-CGKW,BRENT@MILLENNIALCG.COM,4054269848,OKLAHOMA CITY,73139,OKLAHOMA,dispensaries, OKIE KUSH CLUB
1045 S. MERIDIAN LLC ,DAAA-41YE-MY0G,DKITCH643@GMAIL.COM,4056840321,OKLAHOMA CITY,73108,OKLAHOMA,dispensaries, STABILITY CANNABIS
BLAZED 6001 LLP ,DAAA-HM2R-HR2S,AMPEDAVS@YAHOO.COM,4056009239,OKLAHOMA CITY,73149,OKLAHOMA,dispensaries, BLAZED 6001 LLP
11900 S PENN LLC ,DAAA-E15I-4BCH,BRENT@MILLENNIALCG.COM,4054269848,OKLAHOMA CITY,73170,OKLAHOMA,dispensaries, OKIE KUSH CLUB
12415 N ROCKWELL LLC ,DAAA-N1C6-ZEGY,INFO@OKIEKUSHCLUB.COM,4053204172,OKLAHOMA CITY,73103,OKLAHOMA,dispensaries, 12415 N ROCKWELL
BEELINE BUZZ ,DAAA-EKMU-92NF,BEELINEBUZ@GMAIL.COM,9183042120,OKMULGEE,74447,OKMULGEE,dispensaries, BEELINE BUZZ
EVERMORE ,DAAA-9B8P-GP8R,EVERMOREMEDS@GMAIL.COM,9184242555,OKMULGEE,74447,OKMULGEE,dispensaries, EVERMORE
HERBAL CURE INC ,DAAA-41KV-HECH,THEGREENROOM.918@GMAIL.COM,9188291431,OKMULGEE,74447,OKMULGEE,dispensaries, HERBAL CURE INC
"HORSESHOE BEND ADVENTURES, LLC ",DAAA-WSXH-Z1JW,HEREWEGO6977@GMAIL.COM,9189788404,OKMULGEE,74447,OKMULGEE,dispensaries, JOHNNY'S DISPENSARY
JASSOK3MMD INC. ,DAAA-EKED-MXOS,JASSOK3MMDINC@YAHOO.COM,9189788404,OKMULGEE,74447,OKMULGEE,dispensaries, JOHNNY APPLESEED DISPENSARY
OK KUSH ,DAAA-V1JB-7DKO,OKKUSHDISPENSARY@GMAIL.COM,9187582755,OKMULGEE,74447,OKLAHOMA,dispensaries, OK KUSH
PURPLE MOUNTAIN ENTERPRISES LLC ,DAAA-E1DK-MDCQ,MASONBRIANNE3@GMAIL.COM,4056691938,OKMULGEE,74447,OKMULGEE,dispensaries,
SOMMET VENTURES INC. ,DAAA-VYAZ-YNGO,LASIARSHAD@GMAIL.COM,2813098908,OKMULGEE,74447,OKMULGEE,dispensaries, EDEN CANNABIS CO.
THE ANOINTED LEAF ,DAAA-N1RA-WXAU,DRMELISSAAUSBROOKS@GMAIL.COM,4093442498,OKMULGEE,74447,OKMULGEE,dispensaries, MELISSA M AUSBROOKS
1063 E 6TH LLC ,DAAA-MSZN-4IS6,MASONBRIANNE3@GMAIL.COM,4056691938,OKMULGEE,74447,OKMULGEE,dispensaries, KUSH GARDENS STORE 3
BIG BUD DISPENSARY INC ,DAAA-NYTW-FIIL,ILIKEBIGBUDSTOO@GMAIL.COM,4058865792,OOLOGAH,74053,ROGERS,dispensaries,
DARK CLOUD CANNABIS LLC ,DAAA-OQXU-PM6G,DARKCLOUDCANNABIS@GMAIL.COM,9188150621,OOLOGAH,74053,ROGERS,dispensaries,
13588 S HWY 169 LLC ,DAAA-SPDS-PK1N,STONEBRIDGE@GARDENER.COM,9186374745,OOLOGAH,74053,ROGERS,dispensaries, PIPE DREAMS CANNABIS CO.
FIRE RANCH APOTHECARY LLC ,DAAA-J5A9-FA0D,JASONDCUNNINGHAM@HOTMAIL.COM,4058235114,ORLANDO,73073,PAYNE,dispensaries, FIRE RANCH APOTHECARY
"1201 LABS, INC. ",DAAA-MKBZ-DTPO,ANDREWK3@GMAIL.COM,7608456199,OVERBROOK,73453,LOVE,dispensaries," 1201 LABS, INC."
"AREA51 LABS, LLC ",DAAA-4JXB-V74E,AREA51LABORATORY@GMAIL.COM,9183613411,OWASSO,74055,TULSA,dispensaries, AREA51 LABS
BISON RECORDS DISPENSARY ,DAAA-E1VR-8LKM,BISONRECORDS@CS.COM,9182607939,OWASSO,74055,TULSA,dispensaries, BISON RECORDS DISPENSARY
BROADLEAF LLC ,DAAA-NK0S-3ZXL,BROADLEAFOILS@GMAIL.COM,9189381345,OWASSO,74055,TULSA,dispensaries,
CANNIBUDS LLC ,DAAA-E1TY-AUOK,HUNTERSCARFF@YAHOO.COM,9183049826,OWASSO,74055,TULSA,dispensaries, THE GREENERY
DANK FACTORY LLC ,DAAA-UNV0-TQMV,MARILYN@DANKBERRYFARMS.PAGE,9184085206,OWASSO,74055,TULSA,dispensaries, DANK FACTORY LLC
DRAKKAR ENTERPRISES LLC ,DAAA-V1RH-BAU7,VIKINGWARRIOR64@YAHOO.COM,2562266259,OWASSO,74055,TULSA,dispensaries, EUFLORIA
"J&E INVESTMENTS & CONSULTING, LLC ",DAAA-VJLS-G6N8,GUERRA954@GMAIL.COM,9543959530,OWASSO,74055,TULSA,dispensaries,
LOKAL SOURCE LLC ,DAAA-EKXZ-1WUL,AMBER@LOKALSOURCE.COM,9188041717,OWASSO,74055,TULSA,dispensaries, LOKAL SOURCE
"OKIEBUG HOLDINGS, LLC ",DAAA-BKMD-G25I,THEGREENERYOWASSO1@GMAIL.COM,9183814516,OWASSO,74055,TULSA,dispensaries, THE GREENERY
OKLATEX HOLDINGS LLC ,DAAA-NYFU-GLHT,BOBBIEMARIMED@GMAIL.COM,8179130655,OWASSO,74055,TULSA,dispensaries, MARI MED
"OKLATEX HOLDINGS, LLC ",DAAA-VKZZ-YR9X,BOBBIEMARIMED@GMAIL.COM,8179130655,OWASSO,74055,TULSA,dispensaries, MARIMED
"OKLATEX HOLDINGS, LLC ",DAAA-NJQM-HZSP,BOBBIEMARIMED@GMAIL.COM,8179130655,OWASSO,74055,TULSA,dispensaries, MARI MED
"PIRPICH INDUSTRIES, LLC ",DAAA-NYIA-XAUL,ILIKEBIGBUDSTOO@GMAIL.COM,9189162477,OWASSO,74055,TULSA,dispensaries, BIG BUDS NATURAL RELEAF
THE ECS SHOP LLC ,DAAA-VYWH-RRQU,CHIP@THEECSSHOP.COM,9186915141,OWASSO,74055,TULSA,dispensaries, THE ECS SHOP
DEEL'N GREEN'Z LLC ,DAAA-U01E-VB9D,DEELMEDICALCF@GMAIL.COM,4764628326,PANAMA,74951,LE FLORE,dispensaries, DEEL'N GREEN'Z LLC
GOOD VIBES DISPENSARY LLC ,DAAA-NKPS-P84T,GOODVIBESDISPENSARY@YAHOO.COM,9183450876,PARK HILL,74451,CHEROKEE,dispensaries, AMBER CAMPBELL
GROWSWELL ,DAAA-SAKS-JPGB,GROWSWELL420@GMAIL.COM,9182072547,PARK HILL,74451,CHEROKEE,dispensaries, BUDSCAPE
TENKILLER TREES LLC ,DAAA-GNJO-LIJQ,TENKILLERTREES@GMAIL.COM,9185105501,PARK HILL,74451,CHEROKEE,dispensaries, TENKILLER TREES LLC
"BUD BROTHERS COUGHY SHOP, LLC ",DAAA-NYV8-OVID,BILL@BUDBROTHERSCOUGHYSHOP.COM,6203091421,PAULS VALLEY,73075,GARVIN,dispensaries, BUD BROTHERS COUGHY SHOP
"DJB AGRICULTURAL, INC ",DAAA-EJGO-YMXK,CLAUDIAJRAY@PREMIEREVALLEYPRODUCTS.COM,4052079333,PAULS VALLEY,73075,GARVIN,dispensaries, PREMIER VALLEY PRODUCTS
FOSTER'S BODY WORKS LLC ,DAAA-VY9L-6LKA,FOSTERSBODYWORKS@ATT.NET,4052077480,PAULS VALLEY,73075,GARVIN,dispensaries, CREEKSIDE ROYAL
SMACK'D DISPENSARY LLC ,DAAA-PNPF-BWXX,CDULEY_32@YAHOO.COM,4052510410,PAULS VALLEY,73075,GARVIN,dispensaries,
"SMK ENTERPRISES, LLC ",DAAA-4KLO-6JU3,SMK_DISPENSARY@YAHOO.COM,2147082311,PAULS VALLEY,73075,GARVIN,dispensaries, SMK DISPENSARY
TCB GROUP LLC ,DAAA-V1GU-AI6I,TCBGROUP3@GMAIL.COM,4056268906,PAULS VALLEY,73075,GARVIN,dispensaries, RUSTY'S DISPENSARY
TEN HIPPIES LLC ,DAAA-411O-LZFY,COUNTRYGALS13@YAHOO.COM,4052076257,PAULS VALLEY,73075,GARVIN,dispensaries, TEN HIPPIES DISPENSARY
VALLEY MEDICINALS LLC ,DAAA-VYNU-XLFV,VALLEYMEDICINALS@GMAIL.COM,4054440494,PAULS VALLEY,73075,GARVIN,dispensaries, VALLEY MEDICINALS
WASHITA VALLEY DISPENSARY LLC ,DAAA-VYPX-X2QS,THESUMMITPV@GMAIL.COM,4052389816,PAULS VALLEY,73075,GARVIN,dispensaries, THE SUMMIT CANNABIS COLLECTIVE
Z&W GREEN TREES LLC ,DAAA-CIQW-33IR,MATT@STACYLEGALGROUP.COM,4058167532,PAULS VALLEY,73075,GARVIN,dispensaries, Z&W GREEN TREES LLC
HAPPY ROOT 420 LLC ,DAAA-VKG6-TDDW,ADRJOHNSON@COX.NET,2142802040,PAULS VALLEY,73075,GARVIN,dispensaries, HAPPY ROOT 420 - PAULS VALLEY
BIG BUD DISPENSARY INC ,DAAA-VJHL-JKQQ,ABPDELIVERY@GMAIL.COM,4058865792,PAWHUSKA,74056,OSAGE,dispensaries, BIG BUDS DISPENSARY
BLUESTEM DISPENSARY LLC ,DAAA-4YP8-4XL6,MMOLER1030@HOTMAIL.COM,9186450002,PAWHUSKA,74056,OSAGE,dispensaries, BLUESTEM DISPENSARY LLC
CRYSTAL CANNIVORE LLC ,DAAA-EJDC-BIR8,RENADA@SWCONSTRUCT.COM,4059909521,PAWHUSKA,74056,OSAGE,dispensaries, CRYSTAL CANNIVORE LLC
OST GANULV LLC ,DAAA-O9AJ-D4L4,OSTGANULV@GMAIL.COM,9188640888,PEGGS,74452,CHEROKEE,dispensaries, OST GANULV MEDICINAL HERB SHOP
"CHOW KING Z, LLC ",DAAA-VYLH-8O1I,MATT@STACYLEGALGROUP.COM,4058167228,PERKINS,74059,LINCOLN,dispensaries," CHOW KING Z, LLC"
DOCTOR RELEAF LLC ,DAAA-EJAR-Z0I6,SALES@ROOFERSCHOICE.COM,4053388907,PERKINS,74059,PAYNE,dispensaries, DOCTOR RELEAF LLC
PERKINS EMPORIUM INC. ,DAAA-LVXA-4G8T,RFORRANDOM@GMAIL.COM,3234543767,PERKINS,74059,PAYNE,dispensaries, DANK'S WELLNESS EMPORIUM
"DOWN TO CLOUD DISPENSARY, LLC ",DAAA-FNOB-9N78,HEDGETYLER4@GMAIL.COM,5803419515,PERRY,73077,NOBLE,dispensaries,
"GREEN-GO CANNABIS CLUB, LLC ",DAAA-VKBL-RNSX,SAN_MARTHA@YAHOO.COM,5803701707,PERRY,73077,NOBLE,dispensaries," GREEN GO CANNABIS CLUB, LLC"
"HERBNFARM DISPENSING, INC. ",DAAA-EKAJ-INII,MSTONE9099@GMAIL.COM,4053619099,PIEDMONT,73078,CANADIAN,dispensaries, GOODMEDS DISPENSARY
BLAZED ROOTS LLC ,DAAA-B7UI-BRGS,BLAZEDROOTS918@GMAIL.COM,4796519261,POCOLA,74902,LE FLORE,dispensaries,
EMERALD CUT CANNABIS CARE CENTER LLC ,DAAA-4J0A-AQNE,EMERALDCUTCCC@GMAIL.COM,4058025450,POCOLA,74902,LE FLORE,dispensaries, EMERALD CUT
GARY'S GREENERY ,DAAA-N1OY-32TP,GARYSGREENERY@YAHOO.COM,9184366044,POCOLA,74902,LE FLORE,dispensaries, GARY'S GREENERY
LEFT HANDED OKIES EXTENDED ,DAAA-VJGQ-UATJ,SHORTYMAGOO_2006@YAHOO.COM,9186494074,POCOLA,74902,LE FLORE,dispensaries,
"NATURAL STATE DISPENSARY, INC. ",DAAA-NKCQ-O2FL,NATURALSTATEINC@GMAIL.COM,8706721085,POCOLA,74902,LE FLORE,dispensaries, NATURAL STATE DISPENSARY INC.
"SUBLIME STOP, LLC ",DAAA-EZPH-RQZ1,STEPHEN.JACKIE@YAHOO.COM,4793533898,POCOLA,74902,LE FLORE,dispensaries,
"WAGON HILL ENTERPRISES, LLP ",DAAA-NK4O-BVFI,MARK@WAGONHILLENTERPRISES.COM,9182689150,POCOLA,74902,LE FLORE,dispensaries, DBA WAGON HILL MEDICAL WAREHOUSE
WILD WILLY'S BUD PHARMACY LLC ,DAAA-4YLI-B2PD,WILDWILLYSBUDPHARM@GMAIL.COM,4794304372,POCOLA,74902,LE FLORE,dispensaries,
ANTHONY SALTARELLI ,DAAA-4JGF-VRDG,HAIL_RAISERS@YAHOO.COM,5803620154,PONCA CITY,74601,KAY,dispensaries, HOLY SMOKES DISPENSARY
D AND B DISPENSARY LLC ,DAAA-V1CQ-WJON,GOINGON5574601@YAHOO.COM,5807632535,PONCA CITY,74601,KAY,dispensaries,
HEMP STATION DISPENSARY LLC. ,DAAA-NU3N-1KQF,MAGGIEMAGEN@GMAIL.COM,5803043651,PONCA CITY,74601,KAY,dispensaries,
JESSICA BOIKE ,DAAA-PYBB-YOHG,CHOICESDISPENSARY@GMAIL.COM,5805762424,PONCA CITY,74601,KAY,dispensaries, CHOICES DISPENSARY
JESSICA J VANDAVEER ,DAAA-4KLG-ZIZZ,JVANDAVEER2018@GMAIL.COM,5804015120,PONCA CITY,74601,KAY,dispensaries, JA-MAKIN ME HIGH DISPENSARY
"LEAF KINGS DISPENSARY, LLC ",DAAA-2VOL-NF9I,MIRACLEKUSH420@GMAIL.COM,4058803511,PONCA CITY,74601,KAY,dispensaries," LEAF KINGS DISPENSARY, LLC"
LIFE LEAF LLC ,DAAA-4YL5-GW6B,LIFELEAFLLC@YAHOO.COM,5803043021,PONCA CITY,74601,KAY,dispensaries, LIFE LEAF LLC
"PLAYPEN, LLC ",DAAA-N8N3-QHJP,SEAN@PINESTREETCANNA.COM,5807613803,PONCA CITY,74601,KAY,dispensaries, PINE STREET CANNABIS COMPANY
PONCA CITY DISPENSARY INC ,DAAA-4KHM-MFOZ,JVL.KIRBY@GMAIL.COM,5807890284,PONCA CITY,74601,KAY,dispensaries," PONCA CITY DISPENSARY, INC."
"PONCA PATIENT CARE, LLC ",DAAA-NGI5-PJHH,FLIPPINFARMSLLC@GMAIL.COM,2252532267,PONCA CITY,74601,KAY,dispensaries, FLIPPIN FARMS
PURPLE MOUNTAIN ENTERPRISES LLC ,DAAA-N1MV-QHLV,MASONBRIANNE3@GMAIL.COM,4056691938,PONCA CITY,74601,KAY,dispensaries, KUSH GARDENS
THE GREEN HERB ,DAAA-NYQV-JUNQ,2007BULLDOG@GMAIL.COM,5807491146,PONCA CITY,74601,KAY,dispensaries, THE GREEN HERB
THE HIPPIE COLLECTIVE LLC ,DAAA-I19U-CG67,THEHIPPIECOLLECTIVEOK@GMAIL.COM,5807611296,PONCA CITY,74601,KAY,dispensaries, THE HIPPIE COLLECTIVE
"TOWER ROAD CULTIVATION, LLC ",DAAA-MN3C-I9VC,AJOUYANG@YAHOO.COM,9132445149,PONCA CITY,74601,KAY,dispensaries, TOWER ROAD CULTIVATION
WATER IS YOUR FRIEND LLC ,DAAA-NEBT-Z7OD,TAYLORGRISSOM@GMAIL.COM,4055196943,PONCA CITY,74601,KAY,dispensaries, 4 CORNERS DISPENSARY
"F&F DISPENSARY, LLC ",DAAA-VKXA-TFPO,FLIPPINFARMSLLC@GMAIL.COM,2252532267,PONCA CITY,74604,OSAGE,dispensaries, FLIPPIN FARMS
HEMP STATION DISPENSARY LLC ,DAAA-4YQK-HQ5Z,MAGGIEMAGEN@GMAIL.COM,5803043651,PONCA CITY,74604,OSAGE,dispensaries, HEMP STATION DISPENSARY
420° DEGREES LLC ,DAAA-4JV9-E8XX,PC420DEGREES@GMAIL.COM,5807168753,PONCA CITY,74601,KAY,dispensaries,
2012 N UNION LLC ,DAAA-FY3Z-RWMK,MASONBRIANNE3@GMAIL.COM,4056691938,PONCA CITY,74601,KAY,dispensaries, KUSH GARDENS STORE 1
CRC FAMILY DISPENSARY LLC ,DAAA-AN77-A1XG,WEEDMAN51@SUDDENLINK.NET,5805419495,POND CREEK,73766,GRANT,dispensaries,
FOGGY DAZE DISPENSARY LLC ,DAAA-OBUJ-RUIF,FOGGYDAZELLC@YAHOO.COM,5803271745,POND CREEK,73766,GRANT,dispensaries,
DOCTOR GREEN LLC ,DAAA-EJI3-F9PR,DRGREENTULSA@GMAIL.COM,9182877825,BIXBY,74008,TULSA,dispensaries, DOCTOR GREEN
NATIVE RELEAF DISPENSARY LLC ,DAAA-EYQL-00LW,SUSEANDBILLY@YAHOO.COM,9183819883,BIXBY,74008,TULSA,dispensaries, NATIVE RELEAF DISPENSARY
NATURE’S LEAF DISPENSARY LLC ,DAAA-EKPY-X9HX,METRO1@COX.NET,9188086987,BIXBY,74008,TULSA,dispensaries,
OKLATEX HOLDINGS LLC ,DAAA-EJYL-3Y68,BOBBIEMARIMED@GMAIL.COM,8179130655,BIXBY,74008,TULSA,dispensaries, MARI MED
"REDZMEDZ, LLC ",DAAA-NJV4-NDD4,REDZMEDZ1.0@GMAIL.COM,9186946030,BIXBY,74008,TULSA,dispensaries,
"THE BAKERY CANNABIS DISPENSARY, LLC ",DAAA-VJEA-OZ7G,TRICIA_EQUALS_FUN@YAHOO.COM,9184071630,BIXBY,74008,TULSA,dispensaries," THE BAKERY CANNABIS DISPENSARY, LLC"
"URBAN SELECTIONS, LLC ",DAAA-DQOU-M7MY,LIT.DIRECT.OK@GMAIL.COM,2134001531,BIXBY,74008,TULSA,dispensaries, URBAN SELECTIONS LLC
"CLINICAL CANNABIS GROUP, LLC ",DAAA-NKKS-AONU,CCGOKLAHOMA@GMAIL.COM,5803403728,BLACKWELL,74631,KAY,dispensaries, CCG OKLAHOMA
"GEORGEWELLIAN, LLC ",DAAA-X555-8XAF,FYANG0802@GMAIL.COM,6207089476,BLACKWELL,74631,KAY,dispensaries, GEORGEWELLIAN
LOST IN THE SAUCE DISPENSARY COMPANY ,DAAA-NYVP-9D03,DUANE@BIRDSBUDS.FARM,3166413609,BLACKWELL,74631,KAY,dispensaries, LOST IN THE SAUCE
RED DIRT BOTANICALS LLC ,DAAA-EJI4-MIIF,MAUNE12@GMAIL.COM,4057063110,BLACKWELL,74631,KAY,dispensaries, RED DIRT BOTANICALS LLC
SCOTT CUNNINGHAM ENTERPRISES LLC ,DAAA-NYIL-RNWD,SCOTTCUNN@ICLOUD.COM,5807165377,BLACKWELL,74631,KAY,dispensaries, FLIPPIN FARMS OF BLACKWELL
KEVIN SMITH ,DAAA-NK71-TTHB,TRUROL@YAHOO.COM,4053619243,BLAIR,73526,JACKSON,dispensaries, LKSG DISPENSARY
BANANA RIVER HOLDINGS LLC ,DAAA-LGJZ-S1QZ,MATT@STACYLEGALGROUP.COM,4057353800,BLANCHARD,73010,GRADY,dispensaries, BANANA RIVER HOLDINGS LLC
BECKY PING LLC ,DAAA-NJEU-NROZ,MATT@STACYLEGALGROUP.COM,4058167228,BLANCHARD,73010,GRADY,dispensaries,
GREEN MILE DISPENSARY LLC ,DAAA-VYHD-EQHV,COPPERHEADCOATINGS2017@GMAIL.COM,5802311882,POND CREEK,73766,GRANT,dispensaries, GREEN MILE DISPENSARY
CROSS ABILITIES ,DAAA-EYTV-RSHZ,TWODOGSBURRIS29@OUTLOOK.COM,9186175947,PORUM,74455,MUSKOGEE,dispensaries, CROSS ABILITIES
"BCJJ INVESTMENTS, LLC ",DAAA-4Y6N-TK5I,MEDAWN32@GMAIL.COM,9187745732,POTEAU,74953,LE FLORE,dispensaries, TOP SHELF MEDICINALS
CAVANAL HIGH DISPENSARY ,DAAA-YPFN-0DTP,CAVANALHIGH@YAHOO.COM,9184131764,POTEAU,74953,LE FLORE,dispensaries, CAVANAL HIGH DISPENSARY
GREEN LIT FARMACY LLC ,DAAA-E1IB-HSLA,RICKYD08@ICLOUD.COM,4797192562,POTEAU,74953,LE FLORE,dispensaries, GREEN LIT FARMACY
KSEVENSTAR ENTERPRISES LLC ,DAAA-JOQP-BZ1T,KATESEVENSTAR@GMAIL.COM,9183157180,POTEAU,74953,LE FLORE,dispensaries, THE NATION
"MY DISPENSARY, LLC ",DAAA-RLV0-7CSG,CYNTHIASDEPO@GMAIL.COM,4796517529,POTEAU,74953,LE FLORE,dispensaries, MY DISPENSARY
NECTAR HOUSE LLC. ,DAAA-EYOS-SHPH,918NECTARHOUSE@GMAIL.COM,9187212607,POTEAU,74953,LE FLORE,dispensaries, NECTAR HOUSE
PUFF PUFF PASS DISPENSARY LLC ,DAAA-EKYN-VDOL,HIGHONCAVANAL@YAHOO.COM,9186476380,POTEAU,74953,LE FLORE,dispensaries, PUFF PUFF PASS DISPENSARY LLC
"ROCKIN' REGGIE'S, LLC ",DAAA-4JJQ-CSM3,ROBINRICEDAVIS@GMAIL.COM,4796525789,POTEAU,74953,LE FLORE,dispensaries, ROCKIN' REGGIE'S
SEESTERS LLC ,DAAA-EK9J-MDXL,SEESTERS1LLC@GMAIL.COM,9185642727,POTEAU,74953,LE FLORE,dispensaries,
SMACKER TOBACKER LLC ,DAAA-4JXS-SQCM,HEIDI@OCDOFFICE.COM,9186477956,POTEAU,74953,LE FLORE,dispensaries, SMACKER TOBACKER LLC
SOULAGE INC ,DAAA-NJAM-SLJT,A.SEARS@SOULAGE.ORG,7605001925,POTEAU,74953,LE FLORE,dispensaries, SOULAGE INC
"THE SPUNKY SKUNK, LLC ",DAAA-4KFU-HS4V,SPUNKYSKUNK918@GMAIL.COM,9187214954,POTEAU,74953,LE FLORE,dispensaries," THE SPUNKY SKUNK, LLC"
LUCKY MONKEY LLC ,DAAA-5COJ-MXD9,LUCKYMONKEYDISPO@YAHOO.COM,4058084807,PRAGUE,74864,LINCOLN,dispensaries, LUCKY MONKEY LLC
"MAGIC MARLEY GREEN RE-LEAF, LLC ",DAAA-4J2P-WOAQ,MAGICMARLEYGREENRELEAF@GMAIL.COM,7866024442,PRAGUE,74864,LINCOLN,dispensaries, MAGIC MARLEY GREEN RE-LEAF
"THE SUPPLY LINE, LLC ",DAAA-C9OT-JUX6,SHAYNTELPERRY@GMAIL.COM,4057881752,PRAGUE,74864,LINCOLN,dispensaries, THE SUPPLY LINE
FORWARD SOLUTIONS 420 DISPENSARY LLC ,DAAA-VKIG-CVVT,PBAXTER1056@GMAIL.COM,4054349263,PRAGUE,74864,POTTAWATOMIE,dispensaries,
"LITTLE AMSTERDAM ONE , LLC ",DAAA-EJ7N-8LXK,OKLAHOMA.ORGANIX.OK@GMAIL.COM,4062091919,PROCTOR,74457,ADAIR,dispensaries,
"LITTLE AMSTERDAM TWO, LLC ",DAAA-NJTL-WEEF,OKLAHOMA.ORGANIX.OK@GMAIL.COM,4062091919,PROCTOR,74457,ADAIR,dispensaries,
ABLAZING GRACE ,DAAA-4KPO-G1LV,ABLAZINGGRACE19@YAHOO.COM,9183731246,PRYOR,74361,MAYES,dispensaries, ABLAZING GRACE
AFFORDABLE MEDICAL INC. ,DAAA-EYXA-AXR3,AFFORDABLEMEDICALINC1@GMAIL.COM,9188647121,PRYOR,74361,MAYES,dispensaries, AFFORDABLE MEDICAL CANNABIS
BOOMHAUER'S FLOWERS LLP ,DAAA-4YMQ-XVB0,BOOMHAUERSFLOWERS@GMAIL.COM,9188036486,PRYOR,74361,MAYES,dispensaries, BOOMHAUER'S FLOWERS
CANNABIS UNLIMITED LLC ,DAAA-TADN-SA5P,NATECLEM123@GMAIL.COM,5019205598,PRYOR,74361,MAYES,dispensaries, CANNABIS UNLIMITED LLC
ELECTRIC LETTUCE ,DAAA-E1AW-ZPYP,ELECTRICLETTUCEOFOK@YAHOO.COM,9185300467,PRYOR,74361,MAYES,dispensaries, ELECTRIC LETTUCE
GREEN CULTURE LLC ,DAAA-N1LV-EMZR,UAZHAR@GMAIL.COM,9188991919,PRYOR,74361,MAYES,dispensaries, GREEN CULTURE PRYOR
JUNIORD1 LLC ,DAAA-EXFJ-OBZV,GRANDLAKEFABRICATIONS@GMAIL.COM,9185331704,PRYOR,74361,MAYES,dispensaries,
PIRPICH INDUSTRIES ,DAAA-RMCO-ITV2,TERESA.PIRPICH@YAHOO.COM,9189162477,PRYOR,74361,MAYES,dispensaries, BIG BUDS NATURAL RELEAF
T & L VAPOR ,DAAA-NJJ8-NDSD,TLSVAPOR@GMAIL.COM,9187065158,PRYOR,74361,MAYES,dispensaries, AGAPE
"VETERANS ENG GROUP, INC ",DAAA-EKPY-VSVU,BRIAN.LEDBETTER@MEDVETS.US,9185214865,PRYOR,74361,MAYES,dispensaries, MEDVETS
XIONG71 LLC ,DAAA-41EZ-LLUF,GEXIONG@YMAIL.COM,4174305755,PRYOR,74361,MAYES,dispensaries,
"GREEN LEAF CANNABIS, LLC ",DAAA-VJLC-ZPU5,GREENLEAFCANNACO@GMAIL.COM,4052494675,PURCELL,73080,MCCLAIN,dispensaries,
GREEN MED ENTERPRISES LLC ,DAAA-VJBH-6ENV,MATTCLARK2687@GMAIL.COM,4054286015,PURCELL,73080,CLEVELAND,dispensaries, LOTUS GOLD
"PAIN FREE BUDS RX, LLC ",DAAA-UZUV-KVSE,JUSTINTIMEPURCELL@GMAIL.COM,4052137259,PURCELL,73080,MCCLAIN,dispensaries,
"PINKIE'S FOREST TERPENE BAR & DISPENSARY,, LLC ",DAAA-NKT8-BHRD,FRTDLEMAY@AOL.COM,4057612425,PURCELL,73080,MCCLAIN,dispensaries," PINKIE'S FOREST TERPENE BAR & DISPENSARY,, LLC"
THE HEALING FAIRY LLC ,DAAA-VJBA-2K88,THEHEALINGFAIRY72@YAHOO.COM,4055278219,PURCELL,73080,MCCLAIN,dispensaries, NEVERLAND CANNABIS
"TRP, LLP ",DAAA-4YOA-L7NQ,BROOKEVANOORT@GMAIL.COM,4059213115,PURCELL,73080,MCCLAIN,dispensaries, THE RUSTY POT
"MEDICINAL MARVELS, LLC ",DAAA-NYUH-UPEJ,GARYGLYNN@GMAIL.COM,9187728945,QUINTON,74561,PITTSBURG,dispensaries, MEDICINAL MARVELS
"CAMP DISPENSARY, LLC ",DAAA-TOCR-QJD0,DALELOVELYENGINEERING@YAHOO.COM,5802228054,RATLIFF CITY,73481,CARTER,dispensaries," CAMP DISPENSARY, LLC"
D.J.'S BUD HUT ,DAAA-NKQE-NHFX,DAVESJOINT2019@GMAIL.COM,5807210543,RATLIFF CITY,73481,STEPHENS,dispensaries,
HWY 3 HEALTH OILS AND SUPPLEMENTS INC. ,DAAA-41OF-AU9U,HOWARDBOYETT48@GMAIL.COM,5805135152,RATTAN,74562,PUSHMATAHA,dispensaries,
"THE STATION CANNABIS COMPANY, LLP ",DAAA-G0FY-INCY,COFFEYFARMSOK@YAHOO.COM,9184480942,RED OAK,74563,LATIMER,dispensaries, THE STATION CANNABIS COMPANY
SHAWN MARTIN ,DAAA-RTB2-MQAY,MARTINSMEDICALHAMP@GMAIL.COM,5802297333,RINGLING,73456,JEFFERSON,dispensaries, MARTIN'S MEDICAL HEMP
BOTANICAL CLOUD CO. LLC ,DAAA-N1TY-QPBV,BOTANICALCLOUD@OUTLOOK.COM,4798062868,ROLAND,74954,SEQUOYAH,dispensaries, BOTANICAL CLOUD CO. LLC
COLUCCINO ENTERPRISES LLC ,DAAA-NYQT-6UP8,J.COLUCCINO@GMAIL.COM,9185036391,ROLAND,74954,SEQUOYAH,dispensaries, KUSH CLOSET
GUZMAN ENTERPRISES LLC ,DAAA-NYYZ-HZAT,SGUZ2410@GMAIL.COM,9182815060,ROLAND,74954,SEQUOYAH,dispensaries, PHARM 788
"OUTER ZONE'S HOUSE OF CANNABIS, LLC ",DAAA-4YKO-ESBG,CECIL.TUCK@YAHOO.COM,4795712222,ROLAND,74954,SEQUOYAH,dispensaries," OUTER ZONE'S HOUSE OF CANNABIS, LLC"
ROLAND NATURAL HEALTH LLC ,DAAA-4YMD-88OG,ROLANDHEALTH@YAHOO.COM,4794144462,ROLAND,74954,SEQUOYAH,dispensaries, ROLAND NATURAL HEALTH
"THE BUD SHOP, INC. ",DAAA-EJAC-YFBQ,THEBUDSHOP@YAHOO.COM,9185034200,ROLAND,74954,SEQUOYAH,dispensaries, THE BUD SHOP
THE TWO ROMANS GARDEN LLC ,DAAA-NYUI-NCNJ,DEREKNETZ17_@HOTMAIL.COM,9187746137,ROLAND,74954,SEQUOYAH,dispensaries, STATE LINE DISPENSARY OF ROLAND
REGGIE'S DISPENSARY LLC ,DAAA-414C-7KPD,REGGIESDISPENSARY@GMAIL.COM,5805609116,RUSH SPRINGS,73082,GRADY,dispensaries,
AUNT B'S REMEDIES LLC ,DAAA-EYPO-LQZG,BRANDIHOUSTON75@GMAIL.COM,5802285304,RYAN,73565,JEFFERSON,dispensaries, AUNT B'S REMEDIES LLC
ROGER KENT THOMPSON ,DAAA-N1GI-RX25,SALES@BLOOMCRAFTGARDENS.COM,6202529543,S COFFEYVILLE,74072,NOWATA,dispensaries, BLOOMCRAFT GARDENS
BLOOMS & BUDS LLC ,DAAA-VKCS-WPPS,LORDSLAIR@COX.NET,9186399337,SALINA,74365,MAYES,dispensaries,
TOKER'S CORNER LLC ,DAAA-4K1U-BEUU,TOKERSCORNER918@GMAIL.COM,9188031463,SALINA,74365,MAYES,dispensaries, TOKER'S CORNER
BOGART'S STASH ,DAAA-NKZG-UUSY,BOGARTSSTASH918@GMAIL.COM,4796520808,SALLISAW,74955,SEQUOYAH,dispensaries, BOGART'S STASH
FIREHOUSE BUD FARM & DISPENSARY LLC ,DAAA-4KFQ-HFQY,MATTHEZC@GMAIL.COM,4792080865,SALLISAW,74955,SEQUOYAH,dispensaries, SEQUOYAH CANNABIS CO.
"GREEN HORIZONS, LLC ",DAAA-41BA-XX6P,MIKE@GREENHORIZONSOK.COM,9183159777,SALLISAW,74955,SEQUOYAH,dispensaries, FLIGHT 420
NATURAL MEDS FARM INC. ,DAAA-NY5X-9QCR,SHANIA.VALDIVA@HOTMAIL.COM,9187758895,SALLISAW,74955,SEQUOYAH,dispensaries, NATURAL MEDS FARM INC.
THE BUD SHOP INC ,DAAA-RXUS-S6OO,THEBUDSHOP@YAHOO.COM,9185034200,SALLISAW,74955,SEQUOYAH,dispensaries, THE BUD SHOP INC
"TOP SHELF MEDICINALS, LLC ",DAAA-EKYO-BYHW,TOPSHELFSALLISAW@GMAIL.COM,9182358019,SALLISAW,74955,SEQUOYAH,dispensaries," TOP SHELF MEDICINALS, LLC"
HI OCTANE CANNABIS COMPANY 2 ,DAAA-NK4M-BAMD,RICKYD08@ICLOUD.COM,4797192562,SALLISAW,74955,SEQUOYAH,dispensaries,
HARVEST HEALTH DISPENSARY LLC ,DAAA-41OD-BRYX,LANA@OKHARVESTHEALTH.COM,9184091374,SAND SPRINGS,74063,TULSA,dispensaries,
HYDROPOLIS LLC ,DAAA-TV2E-X79A,MCCASLINENTERPRISE@GMAIL.COM,9186942838,SAND SPRINGS,74063,TULSA,dispensaries, HYDROPOLIS LLC
"J&E INVESTMENTS AND CONSULTING, LLC ",DAAA-N1BW-UBPH,GUERRA954@GMAIL.COM,9543959530,SAND SPRINGS,74063,TULSA,dispensaries,
"JINYU GREEN, LLC ",DAAA-NJJU-DNII,MATT@STACYLEGALGROUP.COM,4058167228,SAND SPRINGS,74063,TULSA,dispensaries,
"KEYSTONE CANNABIS, LLC ",DAAA-VKSX-KJRM,MONJU2886@GMAIL.COM,9188520830,SAND SPRINGS,74063,OSAGE,dispensaries, KEYSTONE CANNABIS
LIGHTHEART FARMACY INC ,DAAA-E1SA-EWNM,TODD@LIGHTHEARTFARMS.COM,9189028006,SAND SPRINGS,74063,TULSA,dispensaries, LIGHTHEART CANNABIS CO
NATURE'S CANDY DISPENSARY LLC ,DAAA-EKMM-I7AA,NATURESCANDYOK@GMAIL.COM,9188154422,SAND SPRINGS,74063,TULSA,dispensaries, NATURE'S APOTHECARY
"OHG, LLC ",DAAA-O3UG-E3JK,OHGOKLLC@GMAIL.COM,9186295007,SAND SPRINGS,74063,TULSA,dispensaries, OHG (OKLAHOMA HOME GROWN)
PEACE PIPE CANNABIS COMPANY LLC ,DAAA-9PTH-Q9YY,PEACEPIPEOK@GMAIL.COM,9186399931,SAND SPRINGS,74063,TULSA,dispensaries, PEACE PIPE CANNABIS COMPANY
TJHZD LLC ,DAAA-41EI-LY8W,HUANGLIZHENG03150816@GMAIL.COM,7197251634,SAND SPRINGS,74063,OSAGE,dispensaries,
VERTICAL HORIZON FOUNDATION ,DAAA-EJZM-MQWM,CANNABISMARKETPLACEOK@GMAIL.COM,9188291431,SAND SPRINGS,74063,TULSA,dispensaries, CANNABIS MARKETPLACE
WESTSIDE WELLNESS LLC ,DAAA-41UL-LLBR,WESTSIDEWELLNESS420@GMAIL.COM,9186718343,SAND SPRINGS,74063,TULSA,dispensaries,
WILD FLOWER MEDICAL MARIJUANA DISPENSARY LLC ,DAAA-N1EV-KJ7W,MYKELYNN.VASQUEZ8@GMAIL.COM,9188090919,SAND SPRINGS,74063,TULSA,dispensaries, WILD FLOWER MEDICAL MARIJUANA DISPENSARY
"ALTERNATIVE HEALTHCARE DISPENSARY, LLC ",DAAA-4JKY-SIEU,BECKJUDITH@SUDDENLINK.NET,9182101610,SAPULPA,74066,CREEK,dispensaries," ALTERNATIVE HEALTHCARE DISPENSARY,LLC"
BLOOMS FOR WELLNESS LLC ,DAAA-LPSY-EUDL,BLOOMSWELLNESS@GMAIL.COM,9183812856,SAPULPA,74066,CREEK,dispensaries, BLOOMS FOR WELLNESS
"CANNECTED DISPENSARY, INC. ",DAAA-WVFQ-FPTY,LDGROEN@HOTMAIL.COM,9725670141,SAPULPA,74066,CREEK,dispensaries, CANNECTED DISPENSARY
CMC DISPENSARY LLC ,DAAA-AQML-EH16,CMCDISPO@GMAIL.COM,9188074110,SAPULPA,74066,CREEK,dispensaries, RED BISON CANNABIS
"CUSTOMER CARE, LLC ",DAAA-E1BO-WT8N,AMY@CUSTOMERCAREOK.COM,9188610040,SAPULPA,74066,CREEK,dispensaries, MOONLIGHT APOTHECARY
"D-LUXE DISPENSARY, LLC ",DAAA-JJX4-D7OP,DWACHOB@D-LUXEDISPENSARY.COM,9187012799,SAPULPA,74066,CREEK,dispensaries," D-LUXE DISPENSARY, LLC"
"J&E CAPITAL & MANAGEMENT, LLC ",DAAA-NKTT-OX6N,GUERRA954@GMAIL.COM,9543959530,SAPULPA,74066,CREEK,dispensaries,
MIKES MEDICAL DISPENSARY LLC ,DAAA-EN0Q-N5C9,MIKESMEDICALMJ@GMAIL.COM,9183479331,SAPULPA,74066,CREEK,dispensaries,
OKIE BROTHERS PHARM LLC ,DAAA-N1IL-BIJ6,WHITESAGEHS@GMAIL.COM,9188295232,SAPULPA,74066,CREEK,dispensaries,
"PARK HOBSON, LLC ",DAAA-VYCZ-UYXB,PARKHOBSON@GMAIL.COM,9185004295,SAPULPA,74066,CREEK,dispensaries," OKIND CANNABIS COMPANY, OKIND"
STRANDEDONEARTHLLC ,DAAA-VK5G-WLKG,STRANDEDONEARTHLLC@GMAIL.COM,9186917284,SAPULPA,74066,CREEK,dispensaries, #ZENBUDZ
"THE SACRED HERB, LLC ",DAAA-VKBH-8LTH,SACREDON66@GMAIL.COM,9184044610,SAPULPA,74066,CREEK,dispensaries, THE SACRED HERB
VAPORHERBS LIMITED LIABILITY CORPORATION ,DAAA-NYS4-HRGZ,ROPERMEDICAL@YAHOO.COM,9182098808,SAPULPA,74066,CREEK,dispensaries, VAPORHERBS LIMITED LIABILITY CORPORATION
"3 BUD'S DISPENSARY, INC. ",DAAA-E1VK-BZUO,JF@3BUDSDISPENSARY.COM,9187285738,SAPULPA,74107,TULSA,dispensaries,
ALWAYS GOOD LLC ,DAAA-VJXO-KE37,BTJ@BRIANTEDJONES.COM,4056398497,SAYRE,73662,BECKHAM,dispensaries,
"JOINT SUPPLY COMPANY, INC. ",DAAA-4JWS-FVMU,SANCHEZ001@ICLOUD.COM,8063493714,SAYRE,73662,BECKHAM,dispensaries,
"LC HOLDING COMPANY, LLC ",DAAA-VJLO-J79R,JAMIE.LAKEY@LANDBLAZE.COM,5809287104,SAYRE,73662,BECKHAM,dispensaries, CANOPY RELEAF DISPENSARY
MAIN STREET WELLNESS LLC ,DAAA-EKDA-E3UU,MWELLNESS725@YAHOO.COM,5807990617,SAYRE,73662,BECKHAM,dispensaries, MAIN STREET WELLNESS LLC
"RT 66 WEEDPATCH, LLC ",DAAA-IMIU-KJM8,BKADKINS2011@OUTLOOK.COM,5807292005,SAYRE,73662,BECKHAM,dispensaries, RT 66 WEEDPATCH
IGNITE INDUSTIRES LLC ,DAAA-EYKL-WJ1Q,ALEX11BARRIGA@GMAIL.COM,4052955608,SEILING,73663,DEWEY,dispensaries, CLOUD CITY CANNABIS
BUMPY BRICK DISPENSARY LLC ,DAAA-NKM3-W9OL,SHOP@BUMPYBRICK.COM,4053808838,SEMINOLE,74868,SEMINOLE,dispensaries,
CALI ALLEY LLC ,DAAA-41LU-5EDJ,CALIALLEYOK@GMAIL.COM,4052018186,SEMINOLE,74868,SEMINOLE,dispensaries, CALI ALLEY
CODE RED LLC ,DAAA-E1MM-LLC6,CODERED4@YAHOO.COM,4053806008,SEMINOLE,74868,SEMINOLE,dispensaries, CODE RED CANNABIS
DBD GRAM CENTRAL STATION LLC ,DAAA-DM3B-MJB4,RYAN.SOSBEE@YAHOO.COM,4052202555,SEMINOLE,74868,SEMINOLE,dispensaries,
ELITE CANNABIS COMPANY LLC ,DAAA-NYTL-8DDR,ELITECANNABISLLC@GMAIL.COM,4802584113,SEMINOLE,74868,SEMINOLE,dispensaries,
EXOTIC MEDS OF OKLAHOMA LLC ,DAAA-IT3Z-CZOF,GNWASHINGTON9091@GMAIL.COM,9183780433,SEMINOLE,74868,SEMINOLE,dispensaries, EXOTIC MEDS OF OKLAHOMA
"GREEN SUPREME FLOWER, LLC ",DAAA-AUPN-DPWU,JONATHAN.E.ALLEN1919@GMAIL.COM,4057579438,SEMINOLE,74868,SEMINOLE,dispensaries, GREEN SUPREME FLOWER
HERB IN COUNTRY LLC ,DAAA-V1P2-X8A2,SHOP@HERBINCOUNTRY.COM,4055502424,SEMINOLE,74868,SEMINOLE,dispensaries,
"J-J WEED COMPANY, LLC ",DAAA-BH3E-9X0L,JJWEEDCO@GMAIL.COM,4057128203,SEMINOLE,74868,SEMINOLE,dispensaries, THE REEFER SHACK
KDSM LLC ,DAAA-41JI-Z7M1,DON_KER@LIVE.NET,4053806120,SEMINOLE,74868,SEMINOLE,dispensaries,
MIKE'S SMOKE RINGS LLC ,DAAA-EJXG-RIRI,M.STEEN16@YAHOO.COM,4055853530,SEMINOLE,74868,SEMINOLE,dispensaries, MIKE'S SMOKE RINGS LLC
SUNSET DISPENSARY LLC ,DAAA-NJVW-XOBZ,SUNSETDISPENSARY@GMAIL.COM,4055859607,SEMINOLE,74868,SEMINOLE,dispensaries, SUNSET DISPENSARY LLC
LEFT HANDED OKIES ,DAAA-V1MX-JFDS,SHORTYMAGOO_2006@OUTLOOK.COM,9186494074,SHADY POINT,74956,LE FLORE,dispensaries, LEFT HANDED OKIES
LEFT HANDED OKIES EXTENDED INC ,DAAA-DIBO-YWRH,SHORTYMAGOO_2006@YAHOO.COM,9186497718,SHADY POINT,74956,LE FLORE,dispensaries,
BOWLZ LLC ,DAAA-X356-CNBQ,KRYSTLEMAREEROSS@GMAIL.COM,4055895415,SHAWNEE,74801,POTTAWATOMIE,dispensaries, BOWLZ
BUGATTI BUD’S ,DAAA-V1IF-SPR2,DEMONT_B@HOTMAIL.COM,4058316996,SHAWNEE,74801,POTTAWATOMIE,dispensaries, BUGATTI BUDS
"CPS DISPENSARY, LLC ",DAAA-HHFM-JBZS,CHRIS@CARRELLINSURANCEAGENCY.COM,4056069506,SHAWNEE,74801,POTTAWATOMIE,dispensaries,
ELEVATED SPIRITS DISPENSARY LLC ,DAAA-N1FE-IAUS,SENOCH21@GMAIL.COM,4054431030,SHAWNEE,74801,POTTAWATOMIE,dispensaries,
HIGHLAND WELLNESS LLC ,DAAA-SYDB-CY6L,HIGHLANDWELLNESS@SAFE-MAIL.NET,4053885567,SHAWNEE,74801,POTTAWATOMIE,dispensaries, IMAGINE DISPENSARY
J&K DISPENSARY LLC ,DAAA-E1RL-BB6D,SHAKIC@AOL.COM,4059193605,SHAWNEE,74801,POTTAWATOMIE,dispensaries, J&K DISPENSARY LLC
OK ROOTS DISPENSARY LLC ,DAAA-4YKI-BMBP,SANPEDRO7272@YAHOO.COM,4252180226,SHAWNEE,74801,POTTAWATOMIE,dispensaries, ROOTS DISPENSARY
"POT CO, INC. MEDICAL MARIJUANA DISPENSARY ",DAAA-EYUD-UYYT,POTCO2019@GMAIL.COM,4052135563,SHAWNEE,74801,POTTAWATOMIE,dispensaries," POT CO, INC."
SLS AGRICULTURAL CONSULTING AND MANAGEMENT ,DAAA-PVIN-LTEJ,JOSHUA@SLSACM.COM,4056959898,SHAWNEE,74801,POTTAWATOMIE,dispensaries, THE INSTITUTE OF WELLNESS AND ORGANIC SOLUTIONS
SP8 SERVICES LLC ,DAAA-ZXXT-SDDW,ROBSP8@YAHOO.COM,4055171571,SHAWNEE,74801,POTTAWATOMIE,dispensaries, ROB & SONS CANNABIS COMPANY
"THE GREEN DOOR DISPENSARY, LLC ",DAAA-E11D-XZVX,THEGREENDOORSHAWNEE@GMAIL.COM,4058821679,SHAWNEE,74801,POTTAWATOMIE,dispensaries," THE GREEN DOOR DISPENSARY, LLC"
THE LEAFY SOL DISPENSARY LLC ,DAAA-V1CS-LXVN,THELEAFYSOL@GMAIL.COM,4054349252,SHAWNEE,74801,POTTAWATOMIE,dispensaries, THE LEAFY SOL DISPENSARY LLC
WILLIAM LINKER ,DAAA-VKXK-DBMO,LINKERLILWILL@GMAIL.COM,9405039223,SHAWNEE,74801,POTTAWATOMIE,dispensaries, B & W DISPENSARY
BEYOND THE PINES LLC ,DAAA-EPN3-2TVV,BEYANDTHEPINESOK@GMAIL.COM,4058313787,SHAWNEE,74804,POTTAWATOMIE,dispensaries, BEYOND THE PINES
"FS1113, LLC ",DAAA-NJ3G-QDZR,JFD711@GMAIL.COM,2488849254,SHAWNEE,74804,POTTAWATOMIE,dispensaries, CAPITAL DANK
HAPPY LIFE DISPENSARIES LLC ,DAAA-4YOJ-DNBF,MCWHIRTER.JONE@GMAIL.COM,4053017984,SHAWNEE,74804,POTTAWATOMIE,dispensaries,
MJ INNOVATIONS MEDICAL LLC ,DAAA-NJGP-K4QV,SHAWNPMH88@YAHOO.COM,4054732662,SHAWNEE,74804,POTTAWATOMIE,dispensaries, CBD PLUS USA
NAMAH CC LLC ,DAAA-COSK-ZTAV,MLONG062012@YAHOO.COM,4053510625,SHAWNEE,74804,POTTAWATOMIE,dispensaries,
"OKLAHOMA ROOTS, LLC ",DAAA-EYIC-HKXU,OKLAHOMAROOTS@YAHOO.COM,4055853439,SHAWNEE,74804,POTTAWATOMIE,dispensaries, OKLAHOMA ROOTS
"PHARM+HOUSE, INC. ",DAAA-NY89-AQMI,JAYNE@GRISSOMONLINE.COM,4052291369,SHAWNEE,74804,POTTAWATOMIE,dispensaries," PHARM+HOUSE, INC."
ROOTS DISPENSARY CORP ,DAAA-Y5MN-TL5W,SANPEDRO7272@YAHOO.COM,4252180226,SHAWNEE,74804,POTTAWATOMIE,dispensaries, ROOTS DISPENSARY
TOP NOTCH MEDZ L.L.C ,DAAA-41UC-6PYD,DCORNELIUS87@GMAIL.COM,4056337083,SHAWNEE,74804,POTTAWATOMIE,dispensaries, TOP NOTCH MEDZ
FORWARD SOLUTIONS 420 DISPENSARY LLC ,DAAA-4JNA-5VGU,PBAXTER1056@GMAIL.COM,4054349263,SHAWNEE,74801,POTTAWATOMIE,dispensaries, FORWARD SOLUTIONS 420 DISPENSARY LLC
FORWARD SOLUTIONS 420 DISPENSARY LLC ,DAAA-CTZA-XV5T,PBAXTER1056@GMAIL.COM,4054349263,SHAWNEE,74804,POTTAWATOMIE,dispensaries,
BIG BUD DISPENSARY INC ,DAAA-VKRC-CXKF,TERESA.PIRPICH@YAHOO.COM,9189162477,SKIATOOK,74070,TULSA,dispensaries, BIG BUD DISPENSARY INC
DAKOTA VENTURES LLC ,DAAA-VJZ1-PFIL,DAKOTA@BESTBUDSTULSA.COM,8327691128,SKIATOOK,74070,OSAGE,dispensaries, BEST BUDS DISPENSARY
"GANJA HUT, INC ",DAAA-V14H-UMIF,JOELDAVID.TULSA@GMAIL.COM,9187479475,SKIATOOK,74070,TULSA,dispensaries,
"GREAT AMERICAN STRAINS, INC ",DAAA-EKED-VXLQ,PUBLISHER@THECURRENTBUZZ.NET,9182607195,SKIATOOK,74070,OSAGE,dispensaries," GREAT AMERICAN STRAINS, INC"
"HEAD SHOP DISPENSARY, LLC ",DAAA-N1UD-ZGBX,HEADSHOPJAKE2019@OUTLOOK.COM,7192057707,SKIATOOK,74070,TULSA,dispensaries, HEAD SHOP DISPENSARY
"HOUSE OF GANJA, LLC ",DAAA-PYRS-XAB9,JRS.OKLA@GMAIL.COM,2094099065,SKIATOOK,74070,OSAGE,dispensaries,
SK AFFILIATES GROUP LLC ,DAAA-CHWF-LP3D,SHAKILMOJUMDER@GMAIL.COM,9188147340,SKIATOOK,74070,TULSA,dispensaries, GREEN GARDEN
T.A.G. MMJ LLC ,DAAA-4Y6T-EWU4,ETTRUCKS84@GMAIL.COM,9188862324,SKIATOOK,74070,OSAGE,dispensaries,
TANKS DANK LLC ,DAAA-NH1K-VEVI,TTOMLINSON@GMAIL.COM,9195211398,SKIATOOK,74070,TULSA,dispensaries, TANKS DANK LLC
CANNA COVE 420 LLC ,DAAA-J94P-TUZF,CANNACOVE13@GMAIL.COM,9186299525,SKIATOOK,74070,OSAGE,dispensaries, CANNA COVE 420 LLC
HERBAMED LLC ,DAAA-EKGR-DO78,HERBAMED77@GMAIL.COM,4056154069,SLAUGHTERVL,73051,CLEVELAND,dispensaries, HERBAMED LLC
CREAM OF THE CROP DISPENSARY ,DAAA-EYC0-GPS8,JAMESRSHAVER@GMAIL.COM,5807033137,SMITHVILLE,74957,MCCURTAIN,dispensaries, JAMES R SHAVER
"JIM'S RED BARN, LLC ",DAAA-E17G-IGDX,CELLIOTT808@SBCGLOBAL.NET,4793859777,SMITHVILLE,74957,LE FLORE,dispensaries, ZAFRA 420 DISPENSARY
"BCR DISTRIBUTION, LLC ",DAAA-EKEQ-MWEH,JHBOGDAN@GMAIL.COM,9726728624,SOPER,74759,CHOCTAW,dispensaries, BCR DISTRIBUTION
GO NATURAL CANNABIS LLC ,DAAA-4YMQ-UVTZ,MARTY@GONATURAL-HEALTH.COM,9182554057,SOUTH COFFEYVILLE,74072,NOWATA,dispensaries, GO NATURAL CANNABIS
"D9 CANNABIS, LLC ",DAAA-4KRI-DEPM,EDRHAY@YAHOO.COM,5617034499,SPAVINAW,74366,MAYES,dispensaries,
HAPPY HIGH LIFE INC. ,DAAA-41AI-60EP,TRAVIS823@GMAIL.COM,9183995234,SPAVINAW,74366,MAYES,dispensaries,
BELLA FLORES MARIJUANA MEDICAL DISPENSARY CO. ,DAAA-NYVZ-1F9F,BELLAFLORESMD@GMAIL.COM,9185045817,BLANCHARD,73010,MCCLAIN,dispensaries,
"BIG DAY, LLC ",DAAA-EYAA-BJOH,MATT@STACYLEGALGROUP.COM,4058167228,BLANCHARD,73010,GRADY,dispensaries,
"BLANCHARD CANNABIS COMPANY, LLC ",DAAA-413Q-6AJ8,JODYSTAFFORD@GMAIL.COM,4056695908,BLANCHARD,73010,MCCLAIN,dispensaries,
BLUE MOUNTAIN RIDGE HOLDINGS LLC ,DAAA-S6NQ-LGLG,MATT@STACYLEGALGROUP.COM,4057353800,BLANCHARD,73010,GRADY,dispensaries, BLUE MOUNTAIN RIDGE HOLDINGS LLC
"FANG GREEN, LLC ",DAAA-4KJN-KJIS,MATT@STACYLEGALGROUP.COM,4058167228,BLANCHARD,73010,GRADY,dispensaries,
"FUQI, LLC ",DAAA-V1FM-KOJU,MATT@STACYLEGALGROUP.COM,4058167228,BLANCHARD,73010,GRADY,dispensaries,
"GARDEN CHEN, LLC ",DAAA-EJPL-EI1U,MATT@STACYLEGALGROUP.COM,4058167228,BLANCHARD,73010,GRADY,dispensaries,
"GOLDEN HARVEST THT, LLC ",DAAA-VYYF-PISS,MATT@STACYLEGALGROUP.COM,4058167228,BLANCHARD,73010,GRADY,dispensaries,
"GREEN AND YELLOW, LLC ",DAAA-NYTL-OVKL,MATT@STACYLEGALGROUP.COM,4058167228,BLANCHARD,73010,GRADY,dispensaries,
GREENACRES FARM GROUP LLC ,DAAA-W27Y-H8CU,MATT@STACYLEGALGROUP.COM,4058167532,BLANCHARD,73010,GRADY,dispensaries, GREENACRES FARM GROUP LLC
"GUO GREEN, LLC ",DAAA-E1AV-4VJI,MATT@STACYLEGALGROUP.COM,4058167228,BLANCHARD,73010,GRADY,dispensaries, GUO GREEN LLC
"HAO YUNG, LLC ",DAAA-VK8S-IH1U,MATT@STACYLEGALGROUP.COM,4058167228,BLANCHARD,73010,GRADY,dispensaries,
HO VAN GREEN LLC ,DAAA-9ZT0-SELE,MATT@STACYLEGALGROUP.COM,4058167532,BLANCHARD,73010,GRADY,dispensaries,
KIND VINE FARMS LLC ,DAAA-MFC6-GUOH,MATT@STACYLEGALGROUP.COM,4058167228,BLANCHARD,73010,GRADY,dispensaries,
"LE QIAN GREEN, LLC ",DAAA-4KBU-EJ8V,MATT@STACYLEGALGROUP.COM,4057353800,BLANCHARD,73010,GRADY,dispensaries, LE QIAN GREEN LLC
HAPPY HIGH LIFE INC. ,DAAA-NJLO-TSGI,TRAVIS823@GMAIL.COM,9183995234,SPAVINAW,74366,MAYES,dispensaries, HAPPY HIGH LIFE
ATOKA BUD DISPENSARY LLC ,DAAA-4KWR-4ORB,ATOKABUDDISPENSARY@GMAIL.COM,9182885050,SPERRY,74073,TULSA,dispensaries,
"CHARLY'S NATURAL REMEDIES, LLC ",DAAA-4KAN-SXN4,CRAZYHARLEYCHIC64@GMAIL.COM,9187216697,SPIRO,74959,LE FLORE,dispensaries,
CHRISTENSEN CANNABIS LLC ,DAAA-V1AW-BLBH,TRCHRIST@SBCGLOBAL.NET,4796501400,SPIRO,74959,LE FLORE,dispensaries,
FRONTIER BOTANY CANNABIS LLC ,DAAA-2SVD-AM0Z,RAMEERAROBBALAA@GMAIL.COM,4798319487,SPIRO,74959,LE FLORE,dispensaries, FRONTIER BOTANY CANNABIS LLC
HI OCTANE CANNABIS CO. LLC ,DAAA-4JUI-R0IQ,RICKYD08@ICLOUD.COM,4797192562,SPIRO,74959,LE FLORE,dispensaries,
JUDY'S PLACE ,DAAA-4Y8F-BJ8H,JUDYSPLACE420@GMAIL.COM,9187211304,SPIRO,74959,LE FLORE,dispensaries, JUDY'S PLACE
RIVER VALLEY RELIEF LLC ,DAAA-N1DM-OLZP,RIVERVALLEYRELIEF@OUTLOOK.COM,4792215591,SPIRO,74959,LE FLORE,dispensaries, RIVER VALLEY RELIEF DISPENSARY
SPACE HAVEN ,DAAA-GZMO-C7RP,SPACEHAVEN21@GMAIL.COM,4795978596,SPIRO,74959,LE FLORE,dispensaries, SPACE HAVEN CANNABIS
"SUNSET MEDICINALS, INC. ",DAAA-4KKB-EHYI,AEBEA_06@YAHOO.COM,4792096584,SPIRO,74959,LE FLORE,dispensaries,
DR. GREEN THUMB ,DAAA-41CJ-KS5R,DRGREENTHUMBOKLA@GMAIL.COM,9189622889,STIGLER,74462,HASKELL,dispensaries, DR. GREENTHUMB
HK ORGANICS LLC ,DAAA-SAR2-O0SO,HKORGANICFARMS@GMAIL.COM,9184656717,STIGLER,74462,HASKELL,dispensaries, HK ORGANICS LLC
LAKE AND BAKE SHOP LLC ,DAAA-JIQF-PCS9,LAKEANDBAKESHOP@GMAIL.COM,2142051564,STIGLER,74462,HASKELL,dispensaries,
MICHAEL DEAN ENTERPRISES LLC ,DAAA-W2TE-JQHN,MA.DEAN@HOTMAIL.COM,9183151027,STIGLER,74462,HASKELL,dispensaries, HASKELL COUNTY HASH
WEATHERED TREASURES LLC ,DAAA-VY9L-SLEX,HANDCCLEMENT@GMAIL.COM,4056515363,STIGLER,74462,HASKELL,dispensaries, NO. 9 DISPENSARY STIGLER
"HI OCTANE CANNABIS COMPANY 3, LLC ",DAAA-KEHH-TCMJ,DARRELL1114@YAHOO.COM,4054740731,STIGLER,74462,HASKELL,dispensaries, NONE
"4S CANNA CO, LLP ",DAAA-19H8-XGHA,4SCANNACO@GMAIL.COM,9184657013,STIGLER,74462,HASKELL,dispensaries, 4S CANNA CO.
"B&B'S EMPIRE, LLC ",DAAA-4KNS-RFQW,UFC9001@YAHOO.COM,5802378289,STILLWATER,74074,PAYNE,dispensaries, HEMPIRE CBD & MORE
BONZINNI ENTERPRISES LLC ,DAAA-VY1D-34VC,BONZINNI@YAHOO.COM,9188013534,STILLWATER,74074,PAYNE,dispensaries, THE PEAK DISPENSARY STILLWATER
BURNETT FARMS ,DAAA-B8FC-HFN0,BURNETTFARMS13@GMAIL.COM,4057470896,STILLWATER,74074,PAYNE,dispensaries, REEFINERY
"CORPORATION ASSET NETWORK ASSOCIATION, LLC ",DAAA-EYFU-U6FQ,JLRISMAN@SBCGLOBAL.NET,9185275742,STILLWATER,74074,PAYNE,dispensaries, MINERVA CANNA
"COWBOY CANNABIS DISPENSARY, LLC ",DAAA-EJCQ-4GAF,COWBOY.CANNABIS@OUTLOOK.COM,4056141740,STILLWATER,74074,PAYNE,dispensaries, COWBOY CANNABIS DISPENSARY
DOC GREEN'S LLC ,DAAA-VY5U-AWKO,INFO@DOCGREENSMMJ.COM,9703797083,STILLWATER,74074,PAYNE,dispensaries, DOC GREEN'S LLC
DOOBIES DISPENSARY LLC ,DAAA-VY3B-ETIR,KERA@DOOBIESDISPENSARY.COM,9182231740,STILLWATER,74074,PAYNE,dispensaries, DOOBIES DISPENSARY LLC
"GREEN BEE MEDS, LLC ",DAAA-VKFB-V5MU,KEVINBD@GMAIL.COM,6263751440,STILLWATER,74074,PAYNE,dispensaries,
"HOMESTEAD HARVEST, LLC ",DAAA-V1NE-H0TW,WAMMHOLDINGSLLC@GMAIL.COM,4176294049,STILLWATER,74074,PAYNE,dispensaries," HOMESTEAD HARVEST, LLC"
"INTEGRATED CREATIVE INVESTMENTS, LLC ",DAAA-4KDE-GNSR,RANDRDISPENSARY@GMAIL.COM,6786289157,STILLWATER,74074,PAYNE,dispensaries, R & R
MINT VENTURES LLC ,DAAA-W1XQ-PEGQ,JHAYS@AEICORPOK.NET,4053657674,STILLWATER,74074,PAYNE,dispensaries, NATIVE PURE
MPCUBED LLC ,DAAA-EJZP-ONQS,MARK@MP3MEDICAL.COM,4057475020,STILLWATER,74074,PAYNE,dispensaries, MPCUBED MEDICAL
"NATIVE PURE, L.L.C. ",DAAA-EJ01-NROQ,JHAYS@AEICORPOK.NET,4053657674,STILLWATER,74074,PAYNE,dispensaries, NATIVE PURE LLC
OKLAHOMA GREEN STOP ,DAAA-VLUZ-WKZ9,OKGREENSTOP@AOL.COM,5807890409,STILLWATER,74074,PAYNE,dispensaries,
PURPLE QUEEN LLC ,DAAA-GGSW-ZHAY,KWAGS04@GMAIL.COM,8184483278,STILLWATER,74074,PAYNE,dispensaries, HOUSE OF DANK
SACRED BUDS LLC ,DAAA-EY57-59HD,TIFFANYSCHAA@HOTMAIL.COM,4058399588,STILLWATER,74074,PAYNE,dispensaries, SACRED BUDS
SMOKING BARREL DISPENSARIES LLC ,DAAA-NYUP-YSLF,NDNEWBOLES@YAHOO.COM,4057427353,STILLWATER,74074,PAYNE,dispensaries, SMOKING BARREL
STILLWATER WEED LLC ,DAAA-VYAD-D8LI,STILLWATERWEED@GMAIL.COM,4054349252,STILLWATER,74074,PAYNE,dispensaries, STILLWATER WEED LLC
SUGAR LEAF ,DAAA-EJWE-6EU6,JRJOHN2002@GMAIL.COM,3168060001,STILLWATER,74074,PAYNE,dispensaries, SUGAR LEAF
THE COMILLA CORPORATION ,DAAA-NYJX-NDYO,MDCHOWDHURY606@YAHOO.COM,9188126027,STILLWATER,74074,PAYNE,dispensaries, GREEN CLUB DISPENSARY
THE YELLOW HOUSE STILLWATER ,DAAA-V1E1-2EBH,SKIP@CIRCLEWWHITETAILS.COM,9186718669,STILLWATER,74074,PAYNE,dispensaries,
"VERTICA ORGANICS, LLC ",DAAA-N1FB-DK68,CDCARTER@CRAIGCARTERASSOCIATES.COM,4058238107,STILLWATER,74074,PAYNE,dispensaries, VERTICA
DOCTORS ORDERS LLC ,DAAA-VY9T-AD1G,ORIGINALGREENBOSSSTILLY@GMAIL.COM,4057145121,STILLWATER,74075,PAYNE,dispensaries, ORIGINAL GREEN BOSS
DUBWAY DISPENSARY LLC ,DAAA-V16J-CHBM,HEIDBRANDY442@GMAIL.COM,4058800150,STILLWATER,74075,PAYNE,dispensaries,
NATURAL HEALING REMEDIES LLC ,DAAA-4YSV-3BIW,NRH420@GMAIL.COM,7194943565,STILLWATER,74075,PAYNE,dispensaries, NATURAL HEALING REMEDIES LLC
PONCA CITY DISPENSARY INC. ,DAAA-VYCC-2C4I,JVL.KIRBY@GMAIL.COM,5807890284,STILLWATER,74075,PAYNE,dispensaries, VICE MEDICAL CANNABIS
PONCA ORGANIC L.L.C. ,DAAA-419G-0CPR,ASHLEYINN@HOTMAIL.COM,5803041916,STILLWATER,74075,PAYNE,dispensaries, STILLWATER DISPENSARY
SIMPLY GREEN FARMACY LLC ,DAAA-VKXS-3MHA,TONY@LIVESGF.COM,9512123445,STILLWATER,74075,PAYNE,dispensaries, SIMPLY GREEN FARMACY
"THE CHRONICLES, LLC ",DAAA-VYEA-PNIU,FUEL.FARMS.OK@GMAIL.COM,5187963202,STILLWATER,74075,PAYNE,dispensaries, NONE
"THE MAIN STREET DISPENSARY, LLC ",DAAA-EYYH-P4SP,LLLOYANNBISHOP@GMAIL.COM,9186810873,STILLWATER,74075,PAYNE,dispensaries, THE MAIN STREET DISPENSARY
"MAIN 135, LLC ",DAAA-4KBA-JKYP,FISHERCOLLISIONREPAIR@GMAIL.COM,2252532267,STILLWATER,74074,PAYNE,dispensaries, FLIPPIN FARMS OF STILLWATER
405 BUDZ STILLWATER LLC ,DAAA-QNB7-RUU5,405BUDZ@GMAIL.COM,4056182717,STILLWATER,74075,PAYNE,dispensaries, 405 BUDZ
BACKSTREET BUD LLC ,DAAA-GHYT-YSWY,JSIDEBOTTOM12@GMAIL.COM,9185751897,STILWELL,74960,ADAIR,dispensaries,
GOOD VIBES DISPENSARY LLC ,DAAA-NYPB-NOFT,GOODVIBESDISPENSARY@YAHOO.COM,9183450876,STILWELL,74960,ADAIR,dispensaries, GOOD VIBES DISPENSARY
"GREEN COUNTRY ELITE MANAGEMENT, LLC ",DAAA-4YWX-ZZRL,STARRVILLE95@YAHOO.COM,9185750501,STILWELL,74960,ADAIR,dispensaries, GREEN ACRES
"THE HEALING HEMP, LLC ",DAAA-4JR6-EDVY,TEDDY_SELLS@YAHOO.COM,9183153161,STILWELL,74960,ADAIR,dispensaries,
KING HAPPY FARMS LLC ,DAAA-U6NJ-66SU,MATT@STACYLEGALGROUP.COM,4058167228,STRATFORD,74872,GARVIN,dispensaries,
LIFE MEDICAL LLC ,DAAA-HBOH-MMBB,JAMESGOKC@GMAIL.COM,4058084403,STRATFORD,74872,GARVIN,dispensaries,
S.A PHARMACY LLC ,DAAA-CEE5-YQPM,AUSTINBLACK2424@GMAIL.COM,4053203157,STRATFORD,74872,GARVIN,dispensaries, S.A PHARMACY
"WAR HORSE DISPENSARY, LLC ",DAAA-V1G4-2YJB,FUEL.FARMS.OK@GMAIL.COM,5187963202,STRATFORD,74872,MCCLAIN,dispensaries, NONE
GREEN HEART FARMS LLC ,DAAA-GHFZ-QG15,CLX918@GMAIL.COM,9184070116,STROUD,74079,LINCOLN,dispensaries, GREEN HEART FARMS LLC
STRAIGHTLACED DISPENSARY LLC ,DAAA-EJEG-DZDY,GETSTRAIGHTLACED@GMAIL.COM,4053129477,STROUD,74079,LINCOLN,dispensaries, STRAIGHTLACED DISPENSARY
"STROUD DISPENSARY, LLC ",DAAA-EKPR-LXJU,STROUDHERBALWELLNESS@GMAIL.COM,9189870038,STROUD,74079,LINCOLN,dispensaries," STROUD DISPENSARY, LLC"
ARBUCKLE FARMACY LLC ,DAAA-CVE5-QQRY,SULPHUR1FARM@GMAIL.COM,4055208226,SULPHUR,73086,MURRAY,dispensaries,
KNIGHT FARMS LLC ,DAAA-EYHH-XEXY,KNIGHTFARMSLLC@GMAIL.COM,5806182774,SULPHUR,73086,MURRAY,dispensaries, SOUTHERN CANNABIS COMPANY
RED DIRT BUDZ LLC ,DAAA-VKQB-PJRV,REDDIRTBUDZ@GMAIL.COM,5804656452,SULPHUR,73086,MURRAY,dispensaries, RED DIRT BUDZ
THE GRUMPY BIKERS LLC ,DAAA-VKSX-CIYP,LYNETTEOWENS928@GMAIL.COM,5802723962,SULPHUR,73086,MURRAY,dispensaries,
ABLISS BUD LLC ,DAAA-CMEC-439J,ABLISSBUD@GMAIL.COM,9183608237,TAHLEQUAH,74464,CHEROKEE,dispensaries, ABLISS BUD LLC
AGAPE FARM LLC ,DAAA-N1TJ-ZXMX,MARLAHARP@YAHOO.COM,9187720062,TAHLEQUAH,74464,CHEROKEE,dispensaries,
"BIG COUNTRY GREENS DISPENSARY, LLC ",DAAA-VKB0-IWOU,KARI_WILKERSON@YAHOO.COM,9188223696,TAHLEQUAH,74464,CHEROKEE,dispensaries, BCG DISPENSARY
BONNIE BUDZ LLC ,DAAA-N8NU-W3NP,TAMIA.SMITH38@GMAIL.COM,9183605409,TAHLEQUAH,74464,CHEROKEE,dispensaries, TREEHOUSE
"CORPORATION ASSET NETWORK ASSOCIATION, LLC ",DAAA-VY9D-EVNQ,JLRISMAN@SBCGLOBAL.NET,9185275742,TAHLEQUAH,74464,CHEROKEE,dispensaries, MINERVA CANNA
"CROCKEY FARMS, LLC ",DAAA-VKQG-YHUC,CROCKEYFARMS@GMAIL.COM,9188699980,TAHLEQUAH,74464,CHEROKEE,dispensaries," CROCKEY FARMS, LLC"
ELEVATED APOTHIC LLC ,DAAA-EKXA-W2IN,ELEVATEDAPOTHIC@GMAIL.COM,9032778632,TAHLEQUAH,74464,CHEROKEE,dispensaries, ELEVATED APOTHIC
"EVO CANNABIS COMPANY TAHLEQUAH, LLC ",DAAA-41RG-FJL1,TIK@EVOLUTIONONLINE.COM,9182075436,TAHLEQUAH,74464,CHEROKEE,dispensaries, EVO CANNABIS COMPANY TAHLEQUAH
"FAMILY BUDS, LLC ",DAAA-NKDZ-A2RQ,FAMILYBUDSLLC@GMAIL.COM,9187725072,TAHLEQUAH,74464,CHEROKEE,dispensaries, FAMILY BUDS
"GNH ENTERPRISES, LLC ",DAAA-LA5N-INLW,PHYTOLOGYDISPENSARY@GMAIL.COM,9189135092,TAHLEQUAH,74464,CHEROKEE,dispensaries," GNH ENTERPRISES, LLC"
"HILL TOP CANNABIS, LLC ",DAAA-EJ2A-YLME,GAVINPOTTS1966@YAHOO.COM,9188686663,TAHLEQUAH,74464,CHEROKEE,dispensaries,
"LIMITLIS VENTURES, LLC ",DAAA-4KIK-YIIR,JOESCHAEFER1979.JS@GMAIL.COM,8134081431,TAHLEQUAH,74464,CHEROKEE,dispensaries,
"MKL INDUSTRIES, LLC ",DAAA-N1U2-U6VV,REDDEVILCLUB77@GMAIL.COM,5618898390,TAHLEQUAH,74464,CHEROKEE,dispensaries,
"NECTAR, LLC ",DAAA-E1AC-RGM9,CHANCE@NECTAROK.COM,9189162213,TAHLEQUAH,74464,CHEROKEE,dispensaries,
"PRIME TIME BUDS, LLC ",DAAA-4JOU-I4ZA,CADEMATTHEWS05@YAHOO.COM,4796506586,TAHLEQUAH,74464,CHEROKEE,dispensaries,
REDMEN LLC ,DAAA-7VUX-SLWK,REDMENDISPENSARY@GMAIL.COM,9183167537,TAHLEQUAH,74464,CHEROKEE,dispensaries, REDMEN
"RIGHT TIME MEDICAL, LLC ",DAAA-41CO-VQHS,PJ@CBDPLUSUSA.COM,4054175333,TAHLEQUAH,74464,CHEROKEE,dispensaries, LOTUS GOLD TAHLEQUAH
RIVERLAND VENTURES LLC ,DAAA-EY71-U1ZO,ERICAJO.DEMPSEY@GMAIL.COM,4792201215,TAHLEQUAH,74464,CHEROKEE,dispensaries, THE GREEN STAG
SIX TWO STATE LLC ,DAAA-N1WO-TUZI,SIXTWOSTATELLC@GMAIL.COM,9186160515,TAHLEQUAH,74464,CHEROKEE,dispensaries, LIFTED SPIRITS
"STONEY'S JOINT, LLC ",DAAA-9CMS-RSSL,FFERRELLJR@YAHOO.COM,9188223282,TAHLEQUAH,74464,CHEROKEE,dispensaries,
THE YELLOW HOUSE DISPENSARY ,DAAA-PFIH-VXLL,GRANT420@AOL.COM,9184579290,TAHLEQUAH,74464,CHEROKEE,dispensaries,
CANNA-BLISS LLC ,DAAA-4KJK-HV5B,JENAMCDONALD9@GMAIL.COM,9184137006,TALIHINA,74571,LE FLORE,dispensaries, CANNA-BLISS
"RANCH PRODUCTION VENTURES, INC. ",DAAA-6LSA-OQSJ,BALZANNAOK@YAHOO.COM,9186497218,TALIHINA,74571,LE FLORE,dispensaries, THE RANCH
VIVA SATIVA LLP ,DAAA-NKXZ-IZZ0,TLNEVILLS@GMAIL.COM,9184134135,TALIHINA,74571,LE FLORE,dispensaries, VIVA SATIVA
GREEN TREASURE LLC ,DAAA-DNJW-WKKM,MATT@STACYLEGALGROUP.COM,4058167532,TECUMSEH,74873,POTTAWATOMIE,dispensaries,
HUANG GREEN LLC ,DAAA-6FED-TWHH,MATT@STACYLEGALGROUP.COM,4057353800,TECUMSEH,74873,POTTAWATOMIE,dispensaries,
LOCAL LEAF RX LLC ,DAAA-4JUM-5PD9,JELOGAN84@GMAIL.COM,2146842040,TECUMSEH,74873,POTTAWATOMIE,dispensaries,
MOONROCK EDDIE'S LLC ,DAAA-QV0Y-P9ZK,MOONROCKEDDIES420@GMAIL.COM,4054819417,TECUMSEH,74873,POTTAWATOMIE,dispensaries, MOONROCK EDDIE'S LLC
"POTT COUNTY HIDE-OUT, LLC ",DAAA-V1I1-SZZH,AMERICANCRAFTGROW@GMAIL.COM,4052646221,TECUMSEH,74873,POTTAWATOMIE,dispensaries,
"DANK VAULT, LLC ",DAAA-X19R-M1ZB,MIYAMCKIM@DANK-VAULT.COM,9188570488,TERLTON,74081,PAWNEE,dispensaries, THE DANK VAULT
"WENJING GREEN, LLC ",DAAA-N1IO-BDSI,MATT@STACYLEGALGROUP.COM,4058167228,TERLTON,74081,PAWNEE,dispensaries,
PLANT PONX CO. ,DAAA-KYC0-INZN,PLANTPONX@GMAIL.COM,8066908696,TEXHOMA,73949,TEXAS,dispensaries,
BIG POPPA'S LLC ,DAAA-4YQK-9KZD,BIGPOPPASLLC@YAHOO.COM,5804212323,THACKERVILLE,73459,LOVE,dispensaries, BIG POPPA'S JOINT
BORDER BUDS LLC ,DAAA-4YKL-KOUW,DARLWATERHOUSE@GMAIL.COM,5802760236,THACKERVILLE,73459,LOVE,dispensaries,
DOWN HOME CANNABIS LLC ,DAAA-4Y4F-M4WU,DOWN_HOME@YAHOO.COM,5802208407,THACKERVILLE,73459,LOVE,dispensaries, DOWN HOME CANNABIS
FRESH WATER FARMS LLC ,DAAA-NJJL-H2QV,FRESHWATEROKC@GMAIL.COM,8083486042,THACKERVILLE,73459,LOVE,dispensaries, FRESH WATER COLLECTIVE
LEFT-HANDED PARTNERS LLC ,DAAA-AJX5-SYEJ,RON@URBANDEVNV.COM,8502599313,THACKERVILLE,73459,LOVE,dispensaries, THE LEFT-HANDED PARTNERS
MED SHACK BY FLOWER THERAPY LLC ,DAAA-NKSM-R3QP,MYMEDSHACK@GMAIL.COM,4054580885,THACKERVILLE,73459,LOVE,dispensaries, FLOWER THERAPY
TAYLOR'D INVESTMENTS LLC ,DAAA-EJ4Q-WLDP,TORITAYLOR0409@GMAIL.COM,5809205016,THACKERVILLE,73459,LOVE,dispensaries, ROSEROCK CANNABIS
TERESA BILYEU INC ,DAAA-QMVO-REJI,THETUMBLEWEED76@YAHOO.COM,4178494827,THACKERVILLE,73459,OUT OF STATE,dispensaries, TEXOMA TUMBLEWEED #2
GREEN LIGHT DISTRICT CANNABIS SUPPLY LLC ,DAAA-4JTU-VML1,TERREFARROW@YAHOO.COM,5807139016,THE VILLAGE,73120,OKLAHOMA,dispensaries, GREEN LIGHT DISTRICT CANNABIS SUPPLY LLC
JJLARNER LLC ,DAAA-VKJJ-QVF8,LEESA308@YAHOO.COM,4052527499,THE VILLAGE,73120,OKLAHOMA,dispensaries, BEST BUDS WELLNESS
"MGOJ, LLC ",DAAA-BG4I-JT3H,ARABRITO0788.AB@GMAIL.COM,4058218366,THE VILLAGE,73120,OKLAHOMA,dispensaries, MR. GREEN
ALTCARE 10 LLC ,DAAA-4JSX-MTQN,PAUL@FIRELEAFOK.COM,4054760908,THE VILLAGE,73120,OKLAHOMA,dispensaries, FIRE LEAF
EVERYTHINGS OK 19 LLC ,DAAA-VYFX-DLGV,MO@EVERYTHINGSOK.GREEN,3058017900,THE VILLAGE,73120,OKLAHOMA,dispensaries, EVERYTHING'S OK
CJ'S DISPENSARY LLC ,DAAA-E1CJ-WZBW,CJSDISPENSARY@GMAIL.COM,5803715794,TISHOMINGO,73460,JOHNSTON,dispensaries, CJ'S DISPENSARY LLC
NATIVE MEDS LLC ,DAAA-VKPY-RIPL,TJBERRYI@YAHOO.COM,5802223884,TISHOMINGO,73460,JOHNSTON,dispensaries, NATIVE MEDS LLC
REMEDIES+ ,DAAA-JOHE-RNOA,BEESLEY110@GMAIL.COM,5802570499,TISHOMINGO,73460,JOHNSTON,dispensaries, REMEDIES+
"TEXOMA HERB CO., LLC ",DAAA-4N9I-CS8D,DEBBIE@THC-TEXOMA.COM,9038213650,TISHOMINGO,73460,JOHNSTON,dispensaries," TEXOMA HERB CO., LLC"
XTREME GREENZ LLC ,DAAA-4YXS-W1AL,XGREENZ420@GMAIL.COM,5807684479,TISHOMINGO,73460,JOHNSTON,dispensaries, TAMARA BIVINS
"CHANGLE, LLC ",DAAA-JRF0-ZJDX,DIHOW.OK@GMAIL.COM,9087876815,TONKAWA,74653,KAY,dispensaries,
HAPPY SMILES LLC ,DAAA-H2PN-LAUC,JW.ENTERPRISES.OKLA@GMAIL.COM,9087876815,TONKAWA,74653,KAY,dispensaries,
"KONGFEI GREEN, LLC ",DAAA-N1HR-SG5S,MATT@STACYLEGALGROUP.COM,4058167228,TONKAWA,74653,KAY,dispensaries, KONGFEI GREEN LLC
LIL' RED'S BUD BAR LLC ,DAAA-91OR-TTWE,DONNA.PRICE926@GMAIL.COM,5808232159,TONKAWA,74653,KAY,dispensaries, LIL' RED'S BUD BAR LLC
PACKDADDY'S LLC ,DAAA-K04X-KTLM,DXXPSTATEDISPO@GMAIL.COM,9188778961,TONKAWA,74653,KAY,dispensaries, PACKDADDY'S LLC
TONKAWA MEDICAL DISPENSARY LLC ,DAAA-VJL2-HN3E,TONKAWAMEDICAL@GMAIL.COM,2818301520,TONKAWA,74653,KAY,dispensaries, TONKAWA MEDICAL DISPENSARY
BLACK RAIN LLC ,DAAA-4KFV-E5VR,KATIE.MABREY@GMAIL.COM,9187045459,TULSA,74103,TULSA,dispensaries, THE EMERALD GALLERY
"ENDO, INC. ",DAAA-EYYH-IVKV,NRLACS14@GMAIL.COM,9188962650,TULSA,74103,TULSA,dispensaries, ENDO
EUFLORIA GYPSY LLC ,DAAA-4J22-ZRDX,ERIC@EUFLORIAMEDS.COM,9185046439,TULSA,74103,TULSA,dispensaries, EUFLORIA
"THE GREEN SCENE DISPENSARY, INC. ",DAAA-VYUU-SMMR,DIAMOND_DAMPF@YAHOO.COM,9185192098,TULSA,74103,TULSA,dispensaries," THE GREEN SCENE DISPENSARY, INC."
DOCTOR GREEN LLC ,DAAA-EJPU-2YGY,DRGREENTULSA@GMAIL.COM,9182877825,TULSA,74104,TULSA,dispensaries, DOCTOR GREEN
KIND ALTERNATIVE WELLNESS LLC ,DAAA-V1RV-T4VB,HWALDRAN@GMAIL.COM,9184078274,TULSA,74104,TULSA,dispensaries, KIND ALTERNATIVE WELLNESS TULSA PEARL DISTRICT
"KOOCHIE'S FLOWERS, LLC ",DAAA-I2VK-IET4,YOLANDA.BUNCH@YAHOO.COM,4044886258,TULSA,74104,TULSA,dispensaries," KOOCHIE'S FLOWERS, LLC"
LOCAL RELEAF LLC ,DAAA-NY1T-VMPF,LOCALRELEAF@GMAIL.COM,9186256229,TULSA,74104,TULSA,dispensaries, LOCAL RELEAF
MJ'S APOTHECARIES LLC ,DAAA-EKSC-ZICV,MJCARRCO@GMAIL.COM,9186392867,TULSA,74104,TULSA,dispensaries, MJ'S
NATIVE NUGS ,DAAA-VKRK-LLND,TONY.WHEELER1@VERIZON.NET,9725235014,TULSA,74104,TULSA,dispensaries, NATIVE NUGS
NATURE'S REMEDY ,DAAA-NJEB-4LKW,JEREMY.ENNO@YAHOO.COM,9189023691,TULSA,74104,TULSA,dispensaries, BOTANICAL REMEDY LLC
PREMIER ALTERNATIVE MEDICAL LLC ,DAAA-VY0W-0FXD,GBOLKS@YAHOO.COM,9186051243,TULSA,74104,TULSA,dispensaries, CARE FAMILY MEDICAL
SOMMET VENTURES INC. ,DAAA-VKSF-NQRU,LASIARSHAD@GMAIL.COM,2813098908,TULSA,74104,TULSA,dispensaries, NIRVANA CANNABIS DISPENSARY
"TALLGRASS DISPENSARY, LLC ",DAAA-NKKB-AQSM,JP@TULSABACKCARE.COM,9186069091,TULSA,74104,TULSA,dispensaries, TALLGRASS DISPENSARY
DIAMOND VENTURES INC. ,DAAA-EKDR-HQ0D,LASIARSHAD@GMAIL.COM,2813098908,TULSA,74105,TULSA,dispensaries,
"EZY'S HOUSE OF DANK, LLC ",DAAA-4KGY-OTFQ,01HOMEGROWN@GMAIL.COM,9187035430,TULSA,74105,TULSA,dispensaries,
"GREEN COUNTRY BUD, INC. ",DAAA-41Y6-JQJD,JS@QUICKCERT.ORG,9188524431,TULSA,74105,TULSA,dispensaries,
"KUSH DISPENSARY, LLC ",DAAA-41CF-9PHM,KUSHTULSA@GMAIL.COM,9187425874,TULSA,74105,TULSA,dispensaries," KUSH DISPENSARY, LLC"
"PARKHILL'S PARTY ACCESSORIES, INC. ",DAAA-E1LV-I9EK,PARKHILLS@TULSACOXMAIL.COM,9184064359,TULSA,74105,TULSA,dispensaries," PARKHILL'S PARTY ACCESSORIES, INC."
"GREENWOOD WELLNESS DISPENSARY, LLC ",DAAA-4JRA-I56B,GREENWOODWELLNESSGROUP@GMAIL.COM,9186336811,TULSA,74106,TULSA,dispensaries, GREENWOOD WELLNESS DISPENSARY
"KING K COLLECTIVES, LLC ",DAAA-4YVI-QMCU,GNYAN62@GMAIL.COM,4246537153,TULSA,74106,OKLAHOMA,dispensaries, KING K COLLECTIVES
TERP TOWN DISPENSARY LLC ,DAAA-5MOC-6QSV,BRANDIEW07@GMAIL.COM,9189913526,TULSA,74106,TULSA,dispensaries,
THE GOLDEN CIRCLE MEDICAL DISPENSARY INC. ,DAAA-KSW2-3QTM,GOLDENCIRCLEDISPENSARY@GMAIL.COM,9187640308,TULSA,74106,TULSA,dispensaries, THE GOLDEN CIRCLE MEDICAL DISPENSARY INC.
"THE GREEN ROOM, LLC ",DAAA-4Y6A-7TKH,IAMNEKOWILLIAMS@GAMIL.COM,9189827341,TULSA,74106,TULSA,dispensaries,
THE GREENWOOD CURE INC ,DAAA-4YD1-QVUT,XIAXIA23@YAHOO.COM,9185769655,TULSA,74106,TULSA,dispensaries, THE GREENWOOD CURE INC
"THE MOTHER LAND, INC ",DAAA-4KQH-VZAN,THEMOTHERLANDTULSA@GMAIL.COM,4043379745,TULSA,74106,TULSA,dispensaries, THE MOTHERLAND
TING DISPENSARY INDUSTRIES LLC ,DAAA-VKRZ-W8RZ,DOMINIKTING@GMAIL.COM,9189480283,TULSA,74106,TULSA,dispensaries, NORTHSIDE DISPENSARY
BETTER MARIJUANA PRODUCTIONS LLC ,DAAA-NJ5W-8HF8,TY93RA@GMAIL.COM,9182847891,TULSA,74107,TULSA,dispensaries, THE PLUG 918
HOMEGROWN DISPENSARIES LLC ,DAAA-NNGA-WUAF,BAIDEKAI@OUTLOOK.COM,9188941636,TULSA,74107,TULSA,dispensaries, THE STRAIN STATION TULSA LLC
MR GREEN PLUS INC ,DAAA-4YSJ-BE48,MRGREENCROSSINC@GMAIL.COM,9185080687,TULSA,74107,TULSA,dispensaries, MR GREEN PLUS
"MAY MY TREE, LLC ",DAAA-41UU-4TIB,MATT@STACYLEGALGROUP.COM,4058167228,BLANCHARD,73010,GRADY,dispensaries,
MCC3 HOLDINGS LLC ,DAAA-HXLO-GNBP,MATT@STACYLEGALGROUP.COM,4057353800,BLANCHARD,73010,GRADY,dispensaries, MCC3 HOLDINGS LLC
"MEDIREC OKLAHOMA, LLC ",DAAA-41ZX-WHGW,MATT@STACYLEGALGROUP.COM,4058167228,BLANCHARD,73010,GRADY,dispensaries," MEDIREC OKLAHOMA, LLC"
MY LIEN GREEN LLC ,DAAA-CCZR-T9IP,MATT@STACYLEGALGROUP.COM,4058167228,BLANCHARD,73010,GRADY,dispensaries,
NTP BROS LLC ,DAAA-WC9J-N7GL,MATT@STACYLEGALGROUP.COM,4057353800,BLANCHARD,73010,GRADY,dispensaries, NTP BROS LLC
OKLAHOMA GREEN LLC ,DAAA-NJRV-M7SV,BRYCE@BINYONLS.COM,4057602706,BLANCHARD,73010,MCCLAIN,dispensaries,
PACBOY FARMS LLC ,DAAA-3SYB-AN9A,MATT@STACYLEGALGROUP.COM,4058167228,BLANCHARD,73010,GRADY,dispensaries,
QUN LIN GREEN LLC ,DAAA-BUB6-AT7Q,MATT@STACYLEGALGROUP.COM,4058167228,BLANCHARD,73010,GRADY,dispensaries,
REDWOOD CAPITAL HOLDINGS LLC ,DAAA-DF0J-EAF4,MATT@STACYLEGALGROUP.COM,4058167532,BLANCHARD,73010,GRADY,dispensaries,
RIDGE CAPITAL HOLDINGS LLC ,DAAA-F1AO-3LTJ,MATT@STACYLEGALGROUP.COM,4058167532,BLANCHARD,73010,GRADY,dispensaries,
RIDGE CAPITAL HOLDINGS LLC ,DAAA-MQNN-SJZP,MATT@STACYLEGALGROUP.COM,4058167532,BLANCHARD,73010,GRADY,dispensaries,
RIDGE CAPITAL HOLDINGS LLC ,DAAA-DHMO-WCPO,MATT@STACYLEGALGROUP.COM,4058167532,BLANCHARD,73010,GRADY,dispensaries,
"SHENG GREEN, LLC ",DAAA-NY73-3F5B,MATT@STACYLEGALGROUP.COM,4058167228,BLANCHARD,73010,GRADY,dispensaries,
STASH HOLDINGS LLC ,DAAA-YENM-RK8N,MATT@STACYLEGALGROUP.COM,4058167532,BLANCHARD,73010,GRADY,dispensaries,
"TGIC OKLAHOMA, LLC ",DAAA-4K1Q-ZUJU,MATT@STACYLEGALGROUP.COM,4058167228,BLANCHARD,73010,GRADY,dispensaries,
SHAFFA INC ,DAAA-41YH-JKHI,CLPANDEY10@GMAIL.COM,7202202967,TULSA,74107,TULSA,dispensaries, URBAN LEAF
WILBURS TULSA ,DAAA-4Y2N-G25N,OKMEDICALCANNABIS@OUTLOOK.COM,7076213633,TULSA,74107,TULSA,dispensaries,
"FIGHTING FLOWER, LLC ",DAAA-4KQB-OBRJ,BILL.T2@YAHOO.COM,9189911561,TULSA,74108,TULSA,dispensaries, FIGHTING FLOWER
"PREME CANNABIS COMPANY,  LLC ",DAAA-4JB6-1X4N,KATINAWALKERMIMS@GMAIL.COM,9188920606,TULSA,74108,TULSA,dispensaries,
"GOOD GREENS DISPENSARY, INC ",DAAA-VK9T-SK8L,KREDRICKS@GMAIL.COM,2812207771,TULSA,74110,TULSA,dispensaries,
GRASS-HOPPER DISPENSARIES LLC ,DAAA-NKNN-B7DR,DAVID.WEAVER@COX.NET,9182891053,TULSA,74110,TULSA,dispensaries, GRASS-HOPPER
HERBAL MEDS LLC ,DAAA-N1F0-GZ3Q,DARAXIONG1979@GMAIL.COM,9182105150,TULSA,74110,TULSA,dispensaries, HERBAL MEDS
L'S EXQUISITE SHE SHED DISPENSARY L.L.C. ,DAAA-X2VH-M8DP,LSSHESHED@GMAIL.COM,9184038630,TULSA,74110,OKLAHOMA,dispensaries, L'S EXQUISITE SHE SHED
MARY JANE'S TREEHOUSE ,DAAA-NYIJ-NBUV,MARYJANESTREEHOUSE@GMAIL.COM,9182890612,TULSA,74110,TULSA,dispensaries, MARY JANE’S TREEHOUSE
ROYALTY BUDS MEDICAL MARIJUANA DISPENSARY ,DAAA-EK46-3E90,ASHLEEREAMY@GMAIL.COM,9189020458,TULSA,74110,TULSA,dispensaries, ROYALTY BUDS MEDICAL MARIJUANA DISPENSARY
SEVEN STAR DISTRIBUTORS LLC ,DAAA-EY6E-AWQY,KAMRANPARVEZ@HOTMAIL.COM,9189381055,TULSA,74110,TULSA,dispensaries, SEVEN STAR DISPENCERY
"STOCKHAM HOLDINGS, INC. ",DAAA-NYW0-8CKQ,JACOBSTOCKHAM@YAHOO.COM,9185046866,TULSA,74110,TULSA,dispensaries, MJ HIGHWAY
TULSA HERBAL CLINIC LLC ,DAAA-VYPE-XC2A,TULSAHERBALCLINIC@GMAIL.COM,9189229511,TULSA,74110,TULSA,dispensaries, TULSA HERBAL CLINIC
"BEST DISPENSARIES, LLC ",DAAA-EJXK-WD4K,CHICOHCC@GMAIL.COM,9182844295,TULSA,74112,TULSA,dispensaries, BEST DISPENSARIES
"BLOOMERS DISPENSARY AND SUNDRIES, LLC ",DAAA-4KBE-VFVS,BLOOMERSDISPENSARY@GMAIL.COM,9187602418,TULSA,74112,TULSA,dispensaries," BLOOMERS DISPENSARY AND SUNDRIES, LLC"
C'LEVEL CANNABIS ,DAAA-TYSE-QFRB,CLEVELCANNABIS@GMAIL.COM,4055372754,TULSA,74112,OKLAHOMA,dispensaries,
"DANK BANQ, LLC ",DAAA-JFXY-EBX8,PRIMALWELLNESSLLC@YAHOO.COM,5802160105,TULSA,74112,TULSA,dispensaries," DANK BANQ, LLC"
DIMEBAG LLC ,DAAA-N1ET-BJ3D,STEVESOUKIEH@GMAIL.COM,9185213913,TULSA,74112,TULSA,dispensaries, GREEN FLOWER DISPENSARY
"FORT APACHE ENTERPRISES, INC. ",DAAA-EYPK-YOYS,MIKE4TULSA@GMAIL.COM,9189023600,TULSA,74112,TULSA,dispensaries," FORT APACHE ENTERPRISES, INC."
"HAPPY DISPENSARIES, INC. ",DAAA-EKLY-2SVI,CARTER_TULSA@YAHOO.COM,9182324754,TULSA,74112,TULSA,dispensaries, HAPPY DISPENSARIES
JASON MCLAUGHLIN ,DAAA-E1R0-XYRH,JASON@REDEYE420.COM,9189555020,TULSA,74112,TULSA,dispensaries, RED EYE 420 DISPENSARY
"LEVEL420, LLC ",DAAA-416G-MRJT,ROKLYKTHAT@MSN.COM,9182774218,TULSA,74112,TULSA,dispensaries, LEVEL420
MAGIC LEAF LLC ,DAAA-EYG9-TFQF,TOWERSJORDAN21@YAHOO.COM,9186134421,TULSA,74112,TULSA,dispensaries, MAGIC LEAF
SKY HIGH TULSA ,DAAA-K08G-LP2B,SKYHIGHTULSA@GMAIL.COM,9182825565,TULSA,74112,TULSA,dispensaries,
STONE AGE MEDS LLC ,DAAA-0H13-9WGO,KATHY@STONEAGEMEDS.COM,2064278666,TULSA,74112,TULSA,dispensaries, STONE AGE MEDS
THE GREEN ROOM AT JOE'S VAPE SHOP ,DAAA-4YKY-CSSD,THEGREENROOMATJOESVAPESHOP@GMAIL.COM,9182379006,TULSA,74112,TULSA,dispensaries, THE GREEN ROOM AT JOE'S VAPE SHOP
THE GROOVY CATS LLC ,DAAA-VY6X-BCLO,TURNERTD@COX.NET,9186305293,TULSA,74112,TULSA,dispensaries, THE GROOVY CATS LLC
TKR ENTERPRISE LLC ,DAAA-VYD5-7RKD,TONY@OKHARVESTHEALTH.COM,9184073740,TULSA,74112,TULSA,dispensaries, HARVEST HEALTH DISPENSARY
TULSA CANNABIS COMPANY LLC ,DAAA-EJC9-4GFI,OCAMPOS0424@GMAIL.COM,3163936430,TULSA,74112,TULSA,dispensaries, TULSA CANNABIS CO.
"VVR ENTERPRISES, LLC ",DAAA-4YPD-T3DH,BILL@VERDE420.COM,9406485263,TULSA,74112,TULSA,dispensaries,
DR Z LEAF LLC ,DAAA-EYVA-LCYS,BEAU@DRZLEAF.COM,9185108652,TULSA,74114,TULSA,dispensaries,
BLAZIN' B'S ,DAAA-S5LG-4PRP,INFO@BLAZINBS.COM,9183407185,TULSA,74115,TULSA,dispensaries, BLAZIN' B'S
CROYBL17 LIMITED LIABILITY COMPANY ,DAAA-41BK-0GUL,HOUSEOFBUD17@GMAIL.COM,9182322478,TULSA,74115,TULSA,dispensaries, HOUSE OF BUD
GREENWAY DISPENSARY LLC ,DAAA-NYG2-RAW3,WARRENTURNER0924@ICLOUD.COM,9189987230,TULSA,74115,TULSA,dispensaries,
HERBAL JUNCTION MARKET LLC ,DAAA-NKGI-3CRN,RANDYGCS@GMAIL.COM,9188518508,TULSA,74115,TULSA,dispensaries, KIND LOVE
LOVELIGHT CANNABIS LLC ,DAAA-4YRN-7QGY,BAN_ONE@ATT.NET,4056230901,TULSA,74115,TULSA,dispensaries, LOVELIGHT CANNABIS LLC
"OKLAFLORA, LLC ",DAAA-4YW2-MFI4,RYAN.WIMPEE@GMAIL.COM,3039022871,TULSA,74115,TULSA,dispensaries, EUFLORA
PRETTY BUDS LLC ,DAAA-4JJ1-0YF4,PRETTYBUDS1@GMAIL.COM,9189782591,TULSA,74115,OKLAHOMA,dispensaries,
THE GRASS STATION LLC ,DAAA-VKH3-JQV8,THEGRASSSTATION4207@GMAIL.COM,9186455027,TULSA,74115,TULSA,dispensaries, THE GRASS STATION 4207 LLC
THE ROYAL TREE LLC ,DAAA-NKS4-LZSK,JJWILDHABER@GMAIL.COM,2066050184,TULSA,74115,TULSA,dispensaries, EUPHORA
GREEN LOVE TULSA LLC ,DAAA-E1KV-YD5R,INFO@GREENLOVETULSA.COM,9182715665,TULSA,74116,TULSA,dispensaries, GREEN LOVE TULSA
"COVEY RISE, LLC ",DAAA-VYHB-OGYW,BROOKE@THEWELLNESSPHARM.COM,9186079600,TULSA,74120,ADAIR,dispensaries, THE WELLNESS PHARM
F5 MED LLC ,DAAA-EJAO-WHGM,BONNIECALDWELL@F5IND.COM,9186051513,TULSA,74120,TULSA,dispensaries, SEED CANNABIS CO.
"FIRE TREE MARKET, LLC ",DAAA-4K6E-6WTR,OTHERSIDEINVESTMENTS@GMAIL.COM,9185768271,TULSA,74120,TULSA,dispensaries, FIRE TREE MARKET
"GREENWOOD WELLNESS DISPENSARY, LLC ",DAAA-N1TR-RIYQ,GREENWOODWELLNESSGROUP@GMAIL.COM,9186336811,TULSA,74120,TULSA,dispensaries, GREENWOOD WELLNESS DISPENSARY
HERBAL JUNCTION MARKET LLC ,DAAA-4KA3-VMZK,RANDYGCS@GMAIL.COM,9188518508,TULSA,74120,TULSA,dispensaries, HERBAL JUNCTION MARKET
"HERBAL JUNCTION MARKET, LLC ",DAAA-VK9M-VSTW,RANDY@KINDLOVEOK.COM,9188518508,TULSA,74120,TULSA,dispensaries, KIND LOVE
LADY JANE'S NATURALS LLC ,DAAA-EKW2-J1US,LADYJANESNATURALS@GMAIL.COM,5393024562,TULSA,74120,TULSA,dispensaries, LADY JANE'S NATURALS LLC
"MINDFULL MEDICAL, LLC ",DAAA-VKKE-OMZF,SMITHFIT2@YAHOO.COM,9182711603,TULSA,74120,TULSA,dispensaries, THE PEAK EAST VILLAGE DISPENSARY
ROBOT PHARMER LLC ,DAAA-VJHM-Y9EG,JOSHWHEAT@ROBOTPHARMER.COM,8172711339,TULSA,74120,TULSA,dispensaries, ROBOT PHARMER GARDENS
"SATIVA SAVVY, INC. ",DAAA-N1L4-KLWC,SATIVASVY@GMAIL.COM,9188136731,TULSA,74120,TULSA,dispensaries, SATIVA SAVVY
"THE FLOWER SHOP DISPENSARY, LLC ",DAAA-4JYG-IUOY,JENNIFERS@THEFLOWERSHOPDISPENSARY.COM,9186259591,TULSA,74120,TULSA,dispensaries, NONE
"THE GREEN DOOR TULSA, LLC ",DAAA-4YX0-07EW,HIGHESTCALIBUR.OK@GMAIL.COM,2065780507,TULSA,74120,TULSA,dispensaries,
TJD NATURAL SUPPLEMENTS LLC ,DAAA-N1CP-PWIP,DONNARUNDO@YAHOO.COM,9188304986,TULSA,74120,TULSA,dispensaries, ENVIE A CANNABIS BOUTIQUE
"TULSA HEALTH CLINICS, LLC ",DAAA-4KX1-AHPP,LAURASMOLEN@GMAIL.COM,9186336438,TULSA,74120,TULSA,dispensaries,
TWC GROUP LLC ,DAAA-ALB9-0BHL,KATHY@TOKENWELLNESS.COM,2064278666,TULSA,74120,TULSA,dispensaries, TOKEN WELLNESS
WPC DISPENSARY LLC ,DAAA-VCCL-GUT0,JEFFH@3DOCS.NET,9185766443,TULSA,74120,TULSA,dispensaries, 3 DOCS DISPENSARY
GIBBS GREEN DELIVERY SERVICE INC ,DAAA-E1AI-ABNY,OFFICEMAIL@GIBBSGREENDELIVERY.COM,9185517387,TULSA,74126,TULSA,dispensaries, GIBBS GREEN DELIVERY
GREEN QUEENS MEDICAL MARIJUANA PROCESSOR LLC ,DAAA-4K8Y-14EN,GREENQUEENS918@GMAIL.COM,9183045297,TULSA,74126,TULSA,dispensaries, GREEN QUEENS DISPENSARY
PREMIUM CANNABIS PLUG LLC ,DAAA-N1QU-PXZO,PREMIUMCPLUG@GMAIL.COM,9187648332,TULSA,74126,TULSA,dispensaries, PREMIUM CANNABIS PLUG LLC
TMD LLC ,DAAA-NJCQ-KFBH,PATRICKCARTERCPA@GMAIL.COM,9182303111,TULSA,74126,TULSA,dispensaries, TURLEY MARIJUANA DISPENSARY
JAKE'S BEYOND BUD ,DAAA-VJMY-AVHZ,JENNAULRICH@YAHOO.COM,9184384400,TULSA,74127,TULSA,dispensaries,
"THE HIGHER CSOCIETY, LLC. ",DAAA-KIYL-LKB6,CSOCIETY918@GMAIL.COM,9188086024,TULSA,74127,TULSA,dispensaries,
UPTOWN WELLNESS CORPORATION ,DAAA-4KEA-G8SD,420.UPTOWN.WELLNESS@GMAIL.COM,9188921961,TULSA,74127,TULSA,dispensaries, UPTOWN WELLNESS
EUFLORIA LLC ,DAAA-VYPH-MEEE,EDANGLER2002@YAHOO.COM,9185046439,TULSA,74128,TULSA,dispensaries, EUFLORIA LLC
HASHTAG DISPENSARY ,DAAA-HAVR-B1PW,DMXYOOJ@GMAIL.COM,9188296792,TULSA,74128,TULSA,dispensaries, HASHTAG DISPENSARY
"VVR ENTERPRISES, LLC ",DAAA-4YNY-NSUR,BILL@VERDE420.COM,9406485263,TULSA,74128,TULSA,dispensaries," VVR ENTERPRISES, LLC"
"A PLUS DISPENSARY, LLC ",DAAA-EYNK-WDE7,HERRINGTON@APLUSMEDICALOK.COM,9186942488,TULSA,74129,TULSA,dispensaries,
"APCO CURE, LLC ",DAAA-EYQ4-QU1U,FORD@APCOMEDICAL.COM,2134541856,TULSA,74129,TULSA,dispensaries, APCO MED
"APCO CURE, LLC ",DAAA-EKYY-6HBN,FORD@APCOMEDICAL.COM,2134541856,TULSA,74129,TULSA,dispensaries, APCO MED
AROMATICS LLC ,DAAA-VKXC-WETB,TWANAKIDS@HOTMAIL.COM,9183783503,TULSA,74129,TULSA,dispensaries, AROMATICS LLC
DOK CORPORATION ,DAAA-V1U4-DXSV,DANKOFOKLAHOMADISPENSARY@GMAIL.COM,9188416275,TULSA,74129,TULSA,dispensaries, DANK OF OKLAHOMA CANNABIS DISPENSARY
"OHG, LLC ",DAAA-EJBA-OZFU,OHGOKLLC@GMAIL.COM,9186295007,TULSA,74129,TULSA,dispensaries, OKLAHOMA HOME GROWN - MINGO
RELEAF MEDICAL DISPENSARY LLC ,DAAA-JOHO-J1DU,CAMCUE2020@GMAIL.COM,9189860605,TULSA,74129,TULSA,dispensaries, RELEAF MEDICAL DISPENSARY
TULSA TREE HOUSE INC ,DAAA-EJ0L-0A13,TULSATREEHOUSE@GMAIL.COM,9183619810,TULSA,74130,TULSA,dispensaries, TULSA TREE HOUSE INC
AKUI INDUSTRIES INC ,DAAA-VKK8-KZWF,AMY.K.FLYNN@AKUIINDUSTRIES.COM,4055198670,TULSA,74131,CREEK,dispensaries, OK ALOHA DISPENSRY
CHIEF FARMS DISPENSARY LLC ,DAAA-V1RB-KRKN,HUNTER@CAKE-CANNABIS.COM,5103331586,TULSA,74131,CREEK,dispensaries, CAKE CANNABIS
GERALD SANDERS ,DAAA-NJW9-T0Q6,SAPULPA.CHIEFTAIN@YAHOO.COM,9183786366,TULSA,74132,TULSA,dispensaries, HIGH CLASS DISPENSARY
PREMIUM LEAF LLC ,DAAA-PEGV-C9U6,ALOCKE00@GMAIL.COM,3107731244,TULSA,74132,CREEK,dispensaries, SKUNK'S DEN
CANNATOPIA LLC ,DAAA-JCPS-N4PX,MLGRAMM@SPEEDYS66.COM,9187244015,TULSA,74133,TULSA,dispensaries, CANNATOPIA
"CANNVEST GROUP, LLC ",DAAA-4JLW-6ASI,INFO@MANGOCANNABIS.COM,2489616160,TULSA,74133,TULSA,dispensaries, MANGO CANNABIS
CENTRAL PURP LLC ,DAAA-E1N6-KE0Y,MAKALYN22@YAHOO.COM,8087546402,TULSA,74133,TULSA,dispensaries, CENTRAL PURP
"CONNOISSEUR CANNABIS, LLC ",DAAA-TXIA-63L4,OKCONNOISSEUR@GMAIL.COM,9188634445,TULSA,74133,TULSA,dispensaries, CONNOISSEUR CANNABIS
DR Z LEAF LLC ,DAAA-E1E1-FZWQ,INFO@DRZLEAF.COM,9184010895,TULSA,74133,TULSA,dispensaries,
GEMINI MEDICAL EQUIPMENT LLC ,DAAA-EY3T-RRP5,LAURENAMILLER9@GMAIL.COM,9182843002,TULSA,74133,TULSA,dispensaries, HEMPRX
GEMINI MEDICAL EQUIPMENT LLC ,DAAA-VEJ8-I49N,JOELLEN@WHITEBUFFALOTULSA.COM,9188455558,TULSA,74133,TULSA,dispensaries, HEMP RX DISPENSARY
"GRASS, LLC ",DAAA-EYQF-BCSE,DRWHENRY@COX.NET,9188728662,TULSA,74133,TULSA,dispensaries,
"GREEN COUNTRY BUD, INC. ",DAAA-E1CA-CWUB,JS@QUICKCERT.ORG,9188524431,TULSA,74133,TULSA,dispensaries,
GREENCRAFT LLC ,DAAA-EJ4W-7SD7,CARL.GREENCRAFT@GMAIL.COM,9186398419,TULSA,74133,TULSA,dispensaries, GREENCRAFT
"HIGH ROLLER INVESTMENTS, INC ",DAAA-41UB-EWWK,PJ@CBDPLUSUSA.COM,4054175333,TULSA,74133,TULSA,dispensaries, LEMONNADE DISPENSARY 106TH
"SCISSORTAIL DISPENSARY, LLC ",DAAA-E1XB-U06K,KEN.GROTH@SCISSORTAILDISPENSARYLLC.COM,9182307570,TULSA,74133,TULSA,dispensaries," SCISSORTAIL DISPENSARY, LLC"
SS ORGANICS INC ,DAAA-EJQZ-0JFR,SOUTHSIDECANNABISTULSA@GMAIL.COM,9189575303,TULSA,74133,TULSA,dispensaries, SOUTHSIDE
THE FIRE STATION LLC ,DAAA-NKCX-Z4LA,MISSBIZNESS1999@GMAIL.COM,4243439546,TULSA,74133,TULSA,dispensaries,
DOCTOR GREEN LABS LLC ,DAAA-4JX7-GSEP,PAUL@DOCTORGREENUSA.COM,9182877825,TULSA,74134,TULSA,dispensaries, DOCTOR GREEN
"EZY'S HOUSE OF DANK, LLC ",DAAA-EYFQ-9GUI,01HOMEGROWN@GMAIL.COM,9187035430,TULSA,74135,TULSA,dispensaries," EZY'S HOUSE OF DANK, LLC"
"GREEN MEDS PLUS, L.L.C. ",DAAA-E1BO-HFSY,GREENMEDSPLUS@GMAIL.COM,9186396504,TULSA,74135,TULSA,dispensaries, GREEN MEDS PLUS
JCB COLLECTIVE LLC ,DAAA-IYDY-FBJZ,JCCHOLDINGS.OK@GMAIL.COM,8282917475,TULSA,74135,TULSA,dispensaries, OKIE OG CANNABIS
"MEDICINAL LIFE HEADQUARTERS, LLC ",DAAA-HJI7-JJUV,MEDLIFEHQ@GMAIL.COM,9184425855,TULSA,74135,TULSA,dispensaries," MEDICINAL LIFE HEADQUARTERS, LLC"
NATURAL LEAF CORPORATION ,DAAA-H5HO-IFXJ,MAMO4040@GMAIL.COM,9186979758,TULSA,74135,TULSA,dispensaries, CANNA CLUB DISPENSARY
"OG ELECTRIC LETTUCE, LLC ",DAAA-2V52-ZIOM,ELECTRICLETTUCEOFOK@YAHOO.COM,9185300467,TULSA,74135,TULSA,dispensaries,
OKCD CORP ,DAAA-EYBL-GWAJ,JDKEEL@GMAIL.COM,2147896352,TULSA,74135,TULSA,dispensaries, OKLAHOMA CANNABIS DISPENSARIES CORP
TWISTED ROOTS DISPENSARY LLC ,DAAA-XNNY-XXQ9,TULSATWISTEDROOTS@GMAIL.COM,9189984476,TULSA,74135,TULSA,dispensaries, TWISTED ROOTS
CROWN CANNABIS LTD CO. ,DAAA-V1KB-2CD0,CFARMS313@GMAIL.COM,3136761015,TULSA,74136,TULSA,dispensaries, CROWN CANNABIS
DRAGON LILY DISPENSARY LLC ,DAAA-WWS1-WW1N,DURANGO.VENTURES.OK@GMAIL.COM,2816086800,TULSA,74136,TULSA,dispensaries, DRAGON LILY DISPENSARY LLC
"F5 MED, LLC ",DAAA-PFXO-RYAH,BONNIECALDWELL@F5IND.COM,5398671877,TULSA,74136,TULSA,dispensaries, SEED CANNABIS CO.
"JMMJ, LLC ",DAAA-ZSGI-AHPL,JAMARTIN1976@YAHOO.COM,9184087377,TULSA,74136,TULSA,dispensaries, 3BIRDS CANNABIS CO.
"OHG, LLC ",DAAA-4KHB-NZTS,OHGOKLLC@GMAIL.COM,9186295007,TULSA,74136,TULSA,dispensaries, OKLAHOMA HOME GROWN - LEWIS
PREMIUM LEAF LLC ,DAAA-EKBL-HOFD,ALOCKE00@GMAIL.COM,3107731244,TULSA,74136,OKLAHOMA,dispensaries, SKUNK'S DEN
RE-UP LLC ,DAAA-EJYD-S1OB,REUPDISPENSARY@GMAIL.COM,9189464588,TULSA,74136,TULSA,dispensaries, RE-UP DISPENSARY
TOP SHELF STOCK ,DAAA-NJAM-GGF6,JENNF810@GMAIL.COM,2142902384,TULSA,74136,TULSA,dispensaries,
WILLMO LLC ,DAAA-419H-POBQ,MO@AUDX.IO,3058017900,TULSA,74136,TULSA,dispensaries,
A-Z DISPENSARY ,DAAA-MOPH-ZNJ2,AZDISPENSARYTULSA@GMAIL.COM,9188522108,TULSA,74137,TULSA,dispensaries, A-Z DISPENSARY
"GREEN COUNTRY BUD, INC. ",DAAA-4YBW-IOOD,JS@QUICKCERT.ORG,9188524431,TULSA,74137,TULSA,dispensaries,
PLATINUM CANNABIS GROUP LLC ,DAAA-4KT3-RDWK,ALOCKE00@GMAIL.COM,3107731244,TULSA,74137,TULSA,dispensaries, PLATINUM CANNABIS GROUP
"WHOLE LEAF OKLAHOMA, LLC ",DAAA-VKKY-YUTR,INFO@WHOLELEAF.NET,9183730711,TULSA,74137,TULSA,dispensaries, WHOLE LEAF
BLACK PURPLE KUSH INC ,DAAA-EKTZ-Y64D,BLACKPURPLEKUSH@OUTLOOK.COM,9189510000,TULSA,74145,TULSA,dispensaries, BLACK PURPLE KUSH
BUILDABRICK LLC ,DAAA-VJF5-HGJJ,DNICE121506@GMAIL.COM,9188138352,TULSA,74145,TULSA,dispensaries, PLANTATION
CANDASCENT CANNABIS LLC ,DAAA-NJFF-JWSV,KAY.SACH01@GMAIL.COM,9175308757,TULSA,74145,TULSA,dispensaries,
CANNA-CABANA LLC ,DAAA-VYQE-8IJP,HPUNJANI.HP@GMAIL.COM,9178155669,TULSA,74145,TULSA,dispensaries,
CANNABIS EMPORIUM DISPENSARY LLC ,DAAA-EKWV-MUYJ,RANALEGACY@GMAIL.COM,9187401088,TULSA,74145,TULSA,dispensaries,
"CANNAFLOWERS FARMS, LLC ",DAAA-V1VR-VZQH,PAPPU926@GMAIL.COM,2017078705,TULSA,74145,TULSA,dispensaries,
"ERBA, LLC ",DAAA-41YR-TLGG,GSANDELLA@GMAIL.COM,9186407668,TULSA,74145,TULSA,dispensaries,
FUME VENTURES INC. ,DAAA-V13L-QBKL,LASIARSHAD@GMAIL.COM,2813098908,TULSA,74145,TULSA,dispensaries, EDEN CANNABIS CO.
GRAVITY DISPO INC ,DAAA-N1M0-D1ZL,OKCGROW@YAHOO.COM,2544850894,TULSA,74145,TULSA,dispensaries, GRAVITY 420
GREEN COUNTRY DISPENSARY LLC ,DAAA-VJ8D-CSC0,SEQGREEN@GMAIL.COM,4052557484,TULSA,74145,TULSA,dispensaries, PRIVATE STASH
GREEN COUNTRY HEALTH INITIATIVE LLC ,DAAA-EKJP-D3DH,CODYJMCCOY@GMAIL.COM,9189028002,TULSA,74145,TULSA,dispensaries, INHAL
HEMP USA LLC ,DAAA-EJGT-FKVU,FREDGMS@YAHOO.COM,9186956855,TULSA,74145,TULSA,dispensaries, HEMP USA
"HIGH ROLLER INVESTMENTS, INC ",DAAA-N13E-MCVG,EMILY@SWAGGINWAGON.NET,9182649095,TULSA,74145,TULSA,dispensaries,
JADE WELLNESS CENTER LLC ,DAAA-NJ7J-28N7,JADEWELLNESSOK@GMAIL.COM,9162890678,TULSA,74145,TULSA,dispensaries, JADE WELLNESS CENTER
MEMORIAL DRIVE DISPENSARY LLC ,DAAA-NKTR-GXPR,INFO@MEMDRIVEDISPENSARY.COM,9186394159,TULSA,74145,TULSA,dispensaries, MEMORIAL DRIVE DISPENSARY
NATURE CURES LLC ,DAAA-4J43-P1W9,NATURECURESTULSA@GMAIL.COM,9185517885,TULSA,74145,TULSA,dispensaries, NATURE CURES
ONE LOVE WELLNESS INC ,DAAA-N1NN-UYU5,ONELOVEWELLNESSLLC@GMAIL.COM,9182403130,TULSA,74145,TULSA,dispensaries, ONE LOVE WELLNESS
PEACEFUL RELEAF LLC ,DAAA-4JBP-8NGW,FITNESFRK6@COX.NET,9182612354,TULSA,74145,TULSA,dispensaries, PEACEFUL RELEAF LLC
PURA LLC ,DAAA-EKOO-OH9I,PURACANNABISCOLLECTIVE@GMAIL.COM,9188562411,TULSA,74145,TULSA,dispensaries, PURA CANNABIS COLLECTIVE
PUSH CANNABIS ,DAAA-TIM3-MFZO,C.AARON500@GMAIL.COM,9183273589,TULSA,74145,TULSA,dispensaries, PUSH CANNABIS LLC
ROSEMARY FARMS LLC ,DAAA-NYHW-JQUI,ROSEMARYFARMSLLC@GMAIL.COM,9188847360,TULSA,74145,TULSA,dispensaries,
T-TOWN MEDICAL MARIJUANA DISPENSARY INC ,DAAA-VYAA-PQOB,RIPOCKRUS@YAHOO.COM,9186883247,TULSA,74145,TULSA,dispensaries, T-TOWN MEDICAL MARIJUANA DISPENSARY
THE DANKERY LLC ,DAAA-E18H-DLFF,DYLANJAMESBILBY@HOTMAIL.COM,9186881828,TULSA,74145,TULSA,dispensaries, THE DANKERY DISPENSARY
THE GAME OF CLONES LLC ,DAAA-4YDB-YEDF,THEGAMEOFCLONESLLC@GMAIL.COM,9186060546,TULSA,74145,TULSA,dispensaries,
"THE GREEN GOAT DISPENSARY, LLC ",DAAA-41LC-SOOO,SCOTT@TULLYLAWFIRM.NET,9188451874,TULSA,74145,TULSA,dispensaries, THE GREEN GOAT DISPENSARY
TULSA HERBAL CONNECTION LLC ,DAAA-4J6Q-PITZ,BONNIECALDWELL@F5IND.COM,5398671877,TULSA,74145,TULSA,dispensaries, SEED CANNABIS CO. II
TWISTED ROD CUSTOMS LLC ,DAAA-VJXX-XEDV,NANETTELOFTON@SBCGLOBAL.NET,9187060096,TULSA,74145,TULSA,dispensaries, TWISTED ROD CUSTOMS LLC
"UK HASH, LLC ",DAAA-NJCF-3HIE,KATNAP@FRII.COM,9708348610,TULSA,74145,TULSA,dispensaries,
"YOUNG BUDZ, LLC ",DAAA-VJ7J-VHL7,YOUNGBUDZLLC@GMAIL.COM,9189241068,TULSA,74145,TULSA,dispensaries, YOUNG BUDZ PREMIUM MEDICAL CANNABIS CO.
CELEBRITY WELLNESS BUDZ LLC ,DAAA-4KH8-OLAI,C.AARON500@GMAIL.COM,9183273589,TULSA,74146,TULSA,dispensaries,
J & J BUDS AND DISPENSARY LLP ,DAAA-4JYI-KHUS,JSCASEY88@GMAIL.COM,9186302775,TULSA,74146,TULSA,dispensaries, J & J BUDS AND DISPENSARY LLP
"MEDIJUANA PHARM, LLC ",DAAA-NYOG-4NCO,HARDY.MEDIJUANA@GMAIL.COM,9186952924,TULSA,74146,TULSA,dispensaries," MEDIJUANA PHARM, LLC"
MELLOW MOUNTAIN CORP ,DAAA-N1AX-UVXT,MELLOWMOUNTAIN@YAHOO.COM,9188150451,TULSA,74146,TULSA,dispensaries, MELLOW MOUNTAIN CORP
ROLLIN VAPOR ,DAAA-41E7-QVSA,VAPE@ROLLINVAPOR.COM,9182301717,TULSA,74146,TULSA,dispensaries, ROLLIN VAPOR
"SOLSTICE: ""A"" CANNABIS COMPANY LLC ",DAAA-EJAO-C191,NATIVESTRAINS19@GMAIL.COM,7024095784,TULSA,74146,TULSA,dispensaries, SOLSTICE
"TGIC OKLAHOMA, LLC ",DAAA-4JEO-XJKB,MATT@STACYLEGALGROUP.COM,4058167228,BLANCHARD,73010,GRADY,dispensaries,
"TGIC OKLAHOMA, LLC ",DAAA-VYTH-ZLJ8,MATT@STACYLEGALGROUP.COM,4058167228,BLANCHARD,73010,GRADY,dispensaries, TGIC OKLAHOMA LLC
"TGIC OKLAHOMA, LLC ",DAAA-NKGJ-LTEB,MATT@STACYLEGALGROUP.COM,4058167228,BLANCHARD,73010,GRADY,dispensaries,
"TGIC OKLAHOMA, LLC ",DAAA-4YJA-IKLV,MATT@STACYLEGALGROUP.COM,4058167228,BLANCHARD,73010,GRADY,dispensaries,
"WENG GREEN, LLC ",DAAA-VJMJ-BE1L,MATT@STACYLEGALGROUP.COM,4058167228,BLANCHARD,73010,GRADY,dispensaries,
"WENWU GREEN, LLC ",DAAA-4JEC-NMCH,MATT@STACYLEGALGROUP.COM,4058167228,BLANCHARD,73010,GRADY,dispensaries,
"XIOAMEI GREEN, LLC ",DAAA-VJBN-JASL,MATT@STACYLEGALGROUP.COM,4058167228,BLANCHARD,73010,GRADY,dispensaries,
YAN MEI GREEN LLC ,DAAA-V1FJ-MENU,MATT@STACYLEGALGROUP.COM,4058167228,BLANCHARD,73010,GRADY,dispensaries,
"YANJUN GREEN, LLC ",DAAA-V1ML-9JLV,MATT@STACYLEGALGROUP.COM,4058167228,BLANCHARD,73010,GRADY,dispensaries,
"YANXI GREEN, LLC ",DAAA-VYW9-NPIL,MATT@STACYLEGALGROUP.COM,4058167228,BLANCHARD,73010,GRADY,dispensaries,
"YE GREEN, LLC ",DAAA-EJCK-TLYU,MATT@STACYLEGALGROUP.COM,4058167228,BLANCHARD,73010,GRADY,dispensaries,
ZHU GREEN LLC ,DAAA-DGQU-56MP,MATT@STACYLEGALGROUP.COM,4058167228,BLANCHARD,73010,GRADY,dispensaries, ZHU GREEN LLC
26 MOYERS FARM GROUP LLC ,DAAA-JZM7-B4Z2,MATT@STACYLEGALGROUP.COM,4058167532,BLANCHARD,73010,GRADY,dispensaries,
179 SOUTH 122ND HOLDINGS LLC ,DAAA-INE4-OOOZ,MATT@STACYLEGALGROUP.COM,4058167532,BLANCHARD,73010,GRADY,dispensaries,
15249 SOUTH 76TH HOLDINGS LLC ,DAAA-RGRJ-V8FA,MATT@STACYLEGALGROUP.COM,4058167532,BLANCHARD,73010,GRADY,dispensaries,
"TAYLOR OVERSEE, INC. ",DAAA-4YQQ-W8WB,TULSADISPENSARY@GMAIL.COM,9182314618,TULSA,74146,TULSA,dispensaries,
"VVR ENTERPRISES, LLC ",DAAA-4KUT-FQVB,BILL@VERDE420.COM,9406485263,TULSA,74146,TULSA,dispensaries," VVR ENTERPRISES, LLC"
"YE OLDE APOTHECARY SHOPPE, LLC ",DAAA-EKLH-TFJK,YEOLDEAPOTHECARYSHOPPE@GMAIL.COM,9187341347,TULSA,74146,TULSA,dispensaries, YE OLDE APOTHECARY SHOPPE
"NKO RETAIL #2, LLC ",DAAA-VYJT-AHE8,INFO@NATURESKISSMMJ.NET,9188942940,TULSA,74133,TULSA,dispensaries, NATURE'S KISS
THE ROYAL TREE 2 LLC ,DAAA-NJW1-RLXK,JJWILDHABER@GMAIL.COM,2066050184,TULSA,74133,TULSA,dispensaries, EUPHORA
"3 LEAFS DISPENSARY, LLC ",DAAA-EJNZ-2COE,3LEAFS2019@GMAIL.COM,9189224718,TULSA,74115,TULSA,dispensaries, 3 LEAFS
30M VENTURES LLC ,DAAA-EY5C-Y73Q,TODD@GREYWOLFEHOLDINGS.COM,4242024837,TULSA,74136,TULSA,dispensaries, TULSA HOUSE OF FIRE
THE TREEHOUSE 41 LLC ,DAAA-NKVW-DDGX,TAMIA.SMITH38@GMAIL.COM,9188169442,TULSA,74105,TULSA,dispensaries, THE TREEHOUSE
HEADQUARTERS 66 DISPENSARY ,DAAA-4134-6AUD,CEJR1975@GMAIL.COM,9189919310,TULSA,74112,TULSA,dispensaries, HEADQUARTERS 66
ROUTE 66 WONDERLAND LLC ,DAAA-HJ5J-I3FS,ALANSOLEYMAN@YAHOO.COM,3102799521,TULSA,74131,CREEK,dispensaries, ROUTE 66 WONDERLAND LLC
"REDEYE 420, LLC ",DAAA-FCTH-HV1V,JASON@REDEYE420.COM,9189555020,TULSA,74112,TULSA,dispensaries,
777CC LLC ,DAAA-VYGQ-OQCP,ERICKETHRIDGE@GMAIL.COM,9186397766,TULSA,74104,TULSA,dispensaries, 777
THE HEALTH CENTER 918 LLC ,DAAA-4YAE-YRGF,THCTULSA@GMAIL.COM,9185008294,TULSA,74112,TULSA,dispensaries, THE HEALTH CENTER
918 BUDS MEDICAL MARIJUANA DISPENSARY LLC ,DAAA-N1J1-JY9V,THOMASTOWING33@YAHOO.COM,9184281097,TULSA,74126,TULSA,dispensaries,
918 BUDS MEDICAL MARIJUANA DISPENSARY LLC ,DAAA-EZI4-8LQZ,BUDS918@YAHOO.COM,9183735159,TULSA,74129,TULSA,dispensaries,
MARY JANE 918 ,DAAA-4KQP-XEHX,MARYJANES918@YAHOO.COM,9187341386,TULSA,74131,CREEK,dispensaries, MARY JANE 918
918 ELEVATE LLC ,DAAA-V1CJ-YJ9E,JIMBOT@TAYLORCRANE.COM,6205156269,TULSA,74137,TULSA,dispensaries, 918 ELEVATE
8888 WONDERLAND LLC ,DAAA-RS5C-FM41,ALANSOLEYMAN@YAHOO.COM,3102799521,TULSA,74137,TULSA,dispensaries,
BIG JERRY'S BUDS CO. ,DAAA-GOQR-T86K,ORDERS@BIGJERRYS.COM,4805228779,TURPIN,73950,BEAVER,dispensaries, BIG JERRY'S BUDS CO.
HEALING OASIS LLC ,DAAA-ZI2N-RJH3,HEALINGOASISOK@GMAIL.COM,5804618486,TURPIN,73950,BEAVER,dispensaries,
NPMG DISPENSARY ,DAAA-SNAV-PPEJ,NPMGDISPENSARY@GMAIL.COM,6206219239,TURPIN,73950,BEAVER,dispensaries, NPMG DISPENSARY LLC
THE WEED SHOP ,DAAA-VYTL-K6UO,BBGREENHOPE@GMAIL.COM,9185224710,TUSKAHOMA,74574,LATIMER,dispensaries, THE WEED SHOP
HAZY MULE ,DAAA-X17D-FBJA,CDURINGTON@ICLOUD.COM,4055448431,TUTTLE,73089,GRADY,dispensaries, HAZY MULE
SUNKISSED TANNING SALON LLC ,DAAA-41T5-3PRH,AMYWORDEN73@YAHOO.COM,4054742727,TUTTLE,73089,GRADY,dispensaries, GREEN PLUS
SHANNA JO TODD ,DAAA-Q1X1-S30N,SHANNAJOTODD88@GMAIL.COM,5802126164,VALLIANT,74764,MCCURTAIN,dispensaries, TRIPPY TREES CANNABIS COMPANY
SMOKING BUDZ LLC ,DAAA-JS4Y-OLCO,XVANG77@YAHOO.COM,9185083174,VALLIANT,74764,MCCURTAIN,dispensaries,
LIVING WELL CANABIS DISPENSARY LLC ,DAAA-VYJV-JR8M,LIVINGWELLCANNABIS@GMAIL.COM,4055908070,VERDEN,73092,GRADY,dispensaries, LIVING WELL CANNABIS DISPENSARY
BUFFALO CHIEF LLC ,DAAA-VYX0-LS2U,BUFFALOCHIEF@YAHOO.COM,4794144462,VIAN,74962,SEQUOYAH,dispensaries, 10KILLER BUD
KIM AND HIM INVESTMENTS INC ,DAAA-41HX-MEEK,HIMANDKIM@YAHOO.COM,9185713552,VIAN,74962,SEQUOYAH,dispensaries, GREEN-MED DISPENSARY
OKLAHOMA HERBAL SOLUTIONS ,DAAA-LJRZ-IVKF,OKLAHOMAHERBALSOLUTIONS@YAHOO.COM,9184579127,VIAN,74962,SEQUOYAH,dispensaries, OKLAHOMA HERBAL SOLUTIONS
JJS.HUTT CORPORATION ,DAAA-4JMX-1GDD,HUTTCORP1@GMAIL.COM,9185771339,WAGONER,74467,WAGONER,dispensaries, FLOWER TO THE PEOPLE
"LOUD HOUSE ENTERPRISES, LLC ",DAAA-REUQ-N9E3,THELOUDHOUSEOK@GMAIL.COM,9182017033,WAGONER,74467,WAGONER,dispensaries,
"MOTA EXPRESS,  LLC ",DAAA-4J2H-AIT5,JULIOA2121@HOTMAIL.COM,9187608189,WAGONER,74467,WAGONER,dispensaries,
SEPTRAIN LLC ,DAAA-VIFA-V8MZ,THOMMXIONG@YAHOO.COM,5392105721,WAGONER,74467,WAGONER,dispensaries, HAPPY BUDDHA DISPENSARY
THE GOOD LEAF L.L.C. ,DAAA-NYTT-JQOG,PORKCHOP1972.BC@GMAIL.COM,9188649029,WAGONER,74467,WAGONER,dispensaries, THE GOOD LEAF L.L.C.
THE LOUD HOUSE DISPENSARY L.L.C. ,DAAA-VJWS-G0ZQ,KYLEYHUNNICUTT@GMAIL.COM,9182601423,WAGONER,74467,WAGONER,dispensaries,
WAGONER MEDICAL SOLUTIONS INC ,DAAA-EKOF-GKWF,WAGONERMEDICALSOLUTIONS@GMAIL.COM,9186823714,WAGONER,74467,WAGONER,dispensaries, WAGONER MEDICAL SOLUTIONS
FIRE STATION 56 LLC ,DAAA-VKHN-EGJU,MISSBIZNESS1999@GMAIL.COM,4243439546,WAGONER,74467,WAGONER,dispensaries,
420 WALLY LLC ,DAAA-DRT6-TCPA,420WALLY@420WALLY.COM,9189312997,WAGONER,74467,WAGONER,dispensaries, 420 WALLY
ADVENTURE CANNABIS DISPENSARY LLC ,DAAA-PT1J-WQPK,KINGVALLEYKUSH@GMAIL.COM,5095671678,WANETTE,74878,CLEVELAND,dispensaries, ADVENTURE CANNABIS
"HILLBILLY REMEDIES, LLC ",DAAA-E2PW-FBZE,MAGSBARBER@YAHOO.COM,8177273205,WAPANUCKA,73461,JOHNSTON,dispensaries," HILLBILLY REMEDIES, LLC"
C & R BUSINESS SOLUTIONS LLC ,DAAA-E1Q6-0DR7,SUPPORT@CANNABISRETREATOK.COM,8597971377,WARNER,74469,MUSKOGEE,dispensaries, CANNABIS RETREAT
"WEATHERED TREASURES, LLC ",DAAA-V1AB-SYHK,HANDCCLEMENT@GMAIL.COM,4056515363,WARNER,74469,MUSKOGEE,dispensaries, NO. 9 DISPENSARY WARNER OK
"KC'S CANNABIS COMPANY, LLC ",DAAA-41FZ-ZZBD,CRYSTALRIVERA77@ATT.NET,4055902937,WARR ACRES,73112,OKLAHOMA,dispensaries,
MARY JANE LANE LLC ,DAAA-EK0V-OSOP,ANSAR.IFTIKHAR@GMAIL.COM,4056250864,WARR ACRES,73112,OKLAHOMA,dispensaries, MARY JANE LANE
AMERICAN CANNABIS LLC ,DAAA-NKDV-93ZU,HEALINGFARMS420@GMAIL.COM,5419443385,WARR ACRES,73122,OKLAHOMA,dispensaries, AMERICAN CANNABIS
BUD HEADZ LLC ,DAAA-JCQP-ERDS,BUDHEADZSMOKESHOPLLC@YAHOO.COM,4059215408,WARR ACRES,73122,OKLAHOMA,dispensaries, BUD HEADZ
"CHRONIC RELIEF MARIJUANA DISPENSARY, LLC ",DAAA-4Y3B-I7GW,RMKTRUCKING@YAHOO.COM,4058886701,WARR ACRES,73122,OKLAHOMA,dispensaries, CHRONIC RELIEF MARIJUANA DISPENSARY
"OKLAHOMA NATURAL CURES, INC ",DAAA-4K5F-TSQR,COMPLIANCE@HIGHSOCIETYOK.COM,4054735870,WARR ACRES,73122,OKLAHOMA,dispensaries, HIGH SOCIETY
POSEIDON NINE LLC ,DAAA-2G2R-GHY0,POSEIDONSTAFF9@GMAIL.COM,6825608385,WARR ACRES,73122,OKLAHOMA,dispensaries, POSEIDON NINE DISPENSARY
THE HEMP HOUSE LLC ,DAAA-VJG0-3ODB,DRSANOR@ELITESMILESOKC.COM,4056308154,WARR ACRES,73122,OKLAHOMA,dispensaries, THE HEMP HOUSE
THE POT HOLE DISPENSARY LLC ,DAAA-ORWP-VFDY,BRANDI_HAZLEWOOD@YAHOO.COM,4055350713,WARR ACRES,73122,OKLAHOMA,dispensaries, THE POT HOLE DISPENSARY LLC
TREE LIFE DISPENSARY LLC ,DAAA-NKJ6-9STH,MSVERONICABOWIE@GMAIL.COM,4055892830,WARR ACRES,73122,OKLAHOMA,dispensaries, TREE LIFE DISPENSARY
KSPM MEDICAL LLC ,DAAA-EYFG-DMKD,SHAWNPMH88@YAHOO.COM,4054732662,WARR ACRES,73132,OKLAHOMA,dispensaries, CBD PLUS USA
LA FINEST DISPENSARY LLC ,DAAA-VJPT-YPTF,GB34@SBCGLOBAL.NET,3233331892,WARR ACRES,73132,OKLAHOMA,dispensaries,
TOP NOTCH CANNABIS DISPENSARY LLC ,DAAA-VKLY-R8GB,M3FIFI87@GMAIL.COM,4056386469,WARR ACRES,73132,OKLAHOMA,dispensaries, HIGHLEY GREEN
CLOUD 9 WELLNESS DISPENSARY LLC ,DAAA-E1FN-HHDI,RESULTSCARPET1@YAHOO.COM,4057222539,WARR ACRES,73132,OKLAHOMA,dispensaries,
420 DISPENSARY INC. ,DAAA-4KZG-N2BU,KEMILLS310@ICLOUD.COM,4052096906,WARR ACRES,73132,OKLAHOMA,dispensaries, 420 DISPENSARY OKC
BLAZED 4201 LLP ,DAAA-ECQM-YMNW,BLAZEDCANNABISCO@GMAIL.COM,4056009239,WARR ACRES,73122,OKLAHOMA,dispensaries,
CATHEY - COGHAN HOLDINGS LLC ,DAAA-EY3A-N6CG,DARYLCATHEY@GMAIL.COM,5807910511,WATONGA,73772,BLAINE,dispensaries, WHAT DISPENSARY?
MELODY HORTON ,DAAA-NKEZ-K8HZ,MELODY.HORTON@YAHOO.COM,5809400240,WATONGA,73772,BLAINE,dispensaries, GRACE CBD/OM DISPENSERY
SMOKIN JS INC ,DAAA-NJVV-8MUN,TWISTER.-57@HOTMAIL.COM,5808160078,WATONGA,73772,BLAINE,dispensaries, SMOKIN J'S
"GREEN HORIZONS, LLC ",DAAA-EYEZ-VJEY,MIKE@GREENHORIZONSOK.COM,9183159777,WATTS,74964,DELAWARE,dispensaries, FLIGHT 420
"THE HIGH-CHA ORGANIC, LLC ",DAAA-OX6Y-TSLZ,YEEXU316@YAHOO.COM,9188618045,WAURIKA,73573,JEFFERSON,dispensaries," THE HIGH-CHA ORGINIC, LLC"
"JOINT PAIN, LLC ",DAAA-4KEV-ASIK,JOINTPAIN420@GMAIL.COM,9407278727,WAYNOKA,73860,WOODS,dispensaries, JOINT PAIN LLC
ALTERNATIVE SOLUTION DISPENSARY LLC ,DAAA-ZVX1-P93B,ALTERNATIVESOLUTION210@GMAIL.COM,5808191841,WEATHERFORD,73096,CUSTER,dispensaries,
BRANDI JO ENTERPRISES INC ,DAAA-RIA3-WMSW,THUMPER0171@SBCGLOBAL.NET,5807294566,WEATHERFORD,73096,CUSTER,dispensaries, DANK TANK
DUB THERAPEUTICS LLC ,DAAA-EYWH-2UXC,JOSMUSICKDUBB@GMAIL.COM,5808192130,WEATHERFORD,73096,CUSTER,dispensaries, DUB THERAPEUTICS
GOOD MEDICINE CANNABIS COMPANY. LLC ,DAAA-HDUY-EDES,CHRIS@GOODMEDICINEDISPENSARY.COM,4053658246,WEATHERFORD,73096,CUSTER,dispensaries, GOOD MEDICINE DISPENSARY
"LC HOLDING COMPANY, LLC ",DAAA-IBVI-NJS0,JAMIE.LAKEY@LANDBLAZE.COM,5809287104,WEATHERFORD,73096,CUSTER,dispensaries, CANOPY RELEAF DISPENSARY
"NEXT LEVEL MEDICINE, LLC ",DAAA-EKTJ-TODF,NEXTLEVELMEDICINE@GMAIL.COM,5807291773,WEATHERFORD,73096,CUSTER,dispensaries, PROHIBITION
PURPLE HAZE ENTERPRISES INC ,DAAA-6V90-F8QM,PHAZEOKC@GMAIL.COM,4055900744,WEATHERFORD,73096,CUSTER,dispensaries, PURPLE HAZE DISPENSARY
"RE-LEAF RESOLUTION, LLC ",DAAA-EKJN-FFTB,EPPERLY57@YAHOO.COM,5807744014,WEATHERFORD,73096,CUSTER,dispensaries," RE-LEAF RESOLUTION, LLC"
THE WELLNESS JOINT LLC ,DAAA-V18I-RDFO,CHADMARTIN38@GMAIL.COM,9568219746,WEATHERFORD,73096,CUSTER,dispensaries, THE WELLNESS JOINT
"ALLIANCE WELLNESS, LLC ",DAAA-EYRE-03VW,GIULIANI.INVESTMENTS@GMAIL.COM,9163807464,WEBBERS FALLS,74470,MUSKOGEE,dispensaries,
"COUNTRY BOY DISPENSARY, LLC ",DAAA-GPF3-73TL,COUNTRY.BOY.OKLA@GMAIL.COM,2145160426,WEBBERS FALLS,74470,MUSKOGEE,dispensaries,
MONSTER DISPENSARY. LLC ,DAAA-4KGK-T574,MONSTERFARMOK@GMAIL.COM,6264873198,WEBBERS FALLS,74470,MUSKOGEE,dispensaries, MONSTER DISPENSARY. LLC
"OKLAHOMA ALPHA DISPENSARY, LLC ",DAAA-SAJ6-0H2W,OKLA.ALPHA@GMAIL.COM,7206297966,WEBBERS FALLS,74470,MUSKOGEE,dispensaries,
"OKLAHOMA BETA DISPENSARY, LLC ",DAAA-SK8N-OL9V,OKLAHOMA.BETA.OK@GMAIL.COM,7206297966,WEBBERS FALLS,74470,MUSKOGEE,dispensaries,
ALTERNACARE MEDICAL CANNABIS ,DAAA-VJDE-HJBH,ALTERNACAREMC@GMAIL.COM,9189440917,WELCH,74369,CRAIG,dispensaries, ALTERNACARE MEDICAL CANNABIS
THE STICKY PALACE LLC ,DAAA-SZPW-FHWV,AUBREOWENS1993@GMAIL.COM,9188140544,WELCH,74369,CRAIG,dispensaries, THE STICKY PALACE LLC
PAPER STREET FLOWER CO. LLC ,DAAA-VJEH-MEVN,PAPERSTFLOWERCO@PROTONMAIL.COM,4054641669,WELLSTON,74881,LINCOLN,dispensaries, PAPER ST FLOWER CO
WEST Y HERBAL DISPENSARY ,DAAA-EJLO-WLQU,WESTY.DISPENSARY@GMAIL.COM,4054012101,WELLSTON,74881,LINCOLN,dispensaries, WEST Y DISPENSARY
"RZA ENTERPRISES, LLC ",DAAA-EJHV-ILRT,STATE8LINE@GMAIL.COM,4176694854,WEST SILOAM SPRINGS,74338,DELAWARE,dispensaries, THE RELEAF CENTER
EMERALD SKYE LLC ,DAAA-EYHN-E31P,CANNACLOUD024@GMAIL.COM,9185758808,WESTVILLE,74965,ADAIR,dispensaries, CANNA-CLOUD
"HC CLEVELAND, LLC ",DAAA-NKS7-OZCR,CORINNA.CLEVELAND@YAHOO.COM,3134088195,WESTVILLE,74965,ADAIR,dispensaries,
"LEAFY PEACE, LLC ",DAAA-NKGE-QTHF,BRANDYMCMILLAN@LIVE.COM,2172943501,WESTVILLE,74965,ADAIR,dispensaries," LEAFY PEACE, LLC"
ELITE CANNABIS COMPANY LLC ,DAAA-DIA8-PJIN,ELITECANNABISLLC@GMAIL.COM,4802584113,WETUMKA,74883,HUGHES,dispensaries,
BEST VALUE BUDS LLC ,DAAA-N1IP-KWOD,MKXIONG@HOTMAIL.COM,9186406085,WEWOKA,74884,SEMINOLE,dispensaries,
BUMPY BRICK DISPENSARY WEWOKA ,DAAA-CPRU-FNUQ,SHOP@BUMPYBRICK.COM,4053808838,WEWOKA,74884,SEMINOLE,dispensaries,
CHIEFING OASIS PURE HERBAL SUPPLY CO. LLC ,DAAA-POUQ-PLDI,CHIEFINGOASIS@OUTLOOK.COM,4057883958,WEWOKA,74884,SEMINOLE,dispensaries,
SMART STOP LLC ,DAAA-VJNL-SLFW,JSMART1984@YAHOO.COM,4056417714,WEWOKA,74884,SEMINOLE,dispensaries, SMART STOP
"CROSSROADS, L.L.C. ",DAAA-U2TI-VMPQ,HIGHONCAVANAL2@YAHOO.COM,9186476380,WHITEFIELD,74472,HASKELL,dispensaries, CROSSROADS MEDICAL GROUP
HK ORGANICS LLC ,DAAA-N1H7-HRFE,DKAUK1@GMAIL.COM,9184656717,WILBURTON,74578,LATIMER,dispensaries, HK ORGANICS
PPK INVESTMENT GROUP INC ,DAAA-VJCQ-97I8,RALPHPYATT@HUGHES.NET,9184653202,WILBURTON,74578,LATIMER,dispensaries, COUNTRY CANNABIS
ROYAL LEAF LLC ,DAAA-VJGO-GNS7,WULZ.STEVE@GMAIL.COM,2147077390,WILBURTON,74578,LATIMER,dispensaries, ROYAL LEAF DISPENSARY WILBURTON
WILBURTON EAST END DISPENSARY ,DAAA-41GC-0PQO,NICHOLASCHATLEY@HOTMAIL.COM,9184718864,WILBURTON,74578,LATIMER,dispensaries,
"INVICTUS BOTANICA 420, LLC ",DAAA-VYKN-I9DA,INVICTUS420OK@GMAIL.COM,9184657212,WILBURTON,74578,LATIMER,dispensaries,
AD DISTRIBUTION INC ,DAAA-41OH-PZEI,ADDAH211@GMAIL.COM,5807986184,WILSON,73463,CARTER,dispensaries, CROWN LEAF
CANNABIS TRADE COMPANY LLC. ,DAAA-NJSX-CTXV,MDD134@GMAIL.COM,5804472525,WILSON,73463,CARTER,dispensaries,
CHRONIC MEDS LLC ,DAAA-4JXZ-QBZP,CHRONIC.MEDDS@GMAIL.COM,5802221840,WILSON,73463,CARTER,dispensaries, CHRONIC MEDS
HOLISTICMEDS LLC ,DAAA-NJTV-S76G,NGRAHAM@HOLISTICMEDS.NET,8179658590,WILSON,73463,CARTER,dispensaries,
SOUTH CENTRAL HYDROPONICS LLC ,DAAA-4JUE-SY2Z,SOUTHCENTRALHYDRO@GMAIL.COM,5804654498,WILSON,73463,CARTER,dispensaries, SC HYDRO
"ALTERNATIVE CURES, LLC ",DAAA-4Y5M-A86S,ALTERNATIVECURESLLC@GMAIL.COM,5803345061,WOODWARD,73801,WOODWARD,dispensaries, ALTERNATIVE CURES
C&C BROTHERS LLC ,DAAA-LN4H-X6BR,CHILDERSWILL@OUTLOOK.COM,4059996239,WOODWARD,73801,WOODWARD,dispensaries, GOLDLEAF DISPENSARY
HEALING HOPE L.L.C. ,DAAA-NKBJ-IUEQ,HEALINGHOPELLC@GMAIL.COM,5803343570,WOODWARD,73801,WOODWARD,dispensaries,
ONE PLANT ESSENTIALS LLC ,DAAA-E1RO-IYF0,OPE.HEALTH@OUTLOOK.COM,5806506068,WOODWARD,73801,WOODWARD,dispensaries, ONE PLANT ESSENTIALS LLC
PURPLE MOUNTAIN ENTERPRISES LLC ,DAAA-4JEU-WDSV,MASONBRIANNE3@GMAIL.COM,4056691938,WOODWARD,73801,WOODWARD,dispensaries,
"REAL EARTH REMEDIES, LLC ",DAAA-VJZG-QVQB,REALEARTHREMEDIES@GMAIL.COM,4056730107,WOODWARD,73801,WOODWARD,dispensaries, LADY JANE'S DISPENSARY
ROLLING STONED CANNABIS COMPANY LLC ,DAAA-DRCK-WQLR,ARCH26@GMAIL.COM,4056188518,WOODWARD,73801,WOODWARD,dispensaries,
VIVID VISION ALTERNATIVE MEDICINE LLC ,DAAA-YAEU-5Y0S,HICKMANREX@AOL.COM,5802541275,WOODWARD,73801,WOODWARD,dispensaries, VIVID VISION ALTERNATIVE MEDICINE
WOOTOWN VAPES LLC ,DAAA-4KSZ-8E3B,WOOTOWNVAPES@HOTMAIL.COM,4054353455,WOODWARD,73801,WOODWARD,dispensaries, WOOTOWN MD
2920 8TH LLC ,DAAA-PO9T-RH74,MASONBRIANNE3@GMAIL.COM,4056691938,WOODWARD,73801,WOODWARD,dispensaries,
"THE HIPPIE JOINT DISPENSARY, LLC ",DAAA-VY0F-OYPW,MONICADOSSEY@YMAIL.COM,9189611836,WYANDOTTE,74370,OTTAWA,dispensaries, THE HIPPIE JOINT
GRASSHOPPER CANNABIS COMPANY LLC ,DAAA-4J6A-9IJR,JBURNETTGREEN@GRASSHOPPERCANNABISCOMPANY.COM,4052070132,WYNNEWOOD,73098,GARVIN,dispensaries, GRASSHOPPER CANNABIS COMPANY
LAMA GREEN LLC ,DAAA-PLRD-ZOZF,MATT@STACYLEGALGROUP.COM,4058167532,WYNNEWOOD,73098,GARVIN,dispensaries,
COUNTRY CANNABIS LLC ,DAAA-EKLD-RGES,COUNTRYCANNABIS420@HOTMAIL.COM,9186056991,YALE,74085,PAYNE,dispensaries,
"BLOOM CANNABIS CO, LLC ",DAAA-NJGJ-IY1W,TREYGEE27@GMAIL.COM,4058224919,YUKON,73099,CANADIAN,dispensaries, BLOOM CANNABIS CO
ELEVATED RESEARCH GROUP LLC ,DAAA-N1HA-3MIB,CSISERVICESOKC@GMAIL.COM,4054569997,YUKON,73099,CANADIAN,dispensaries,
JAMESON & SONS INVESTMENTS LLC ,DAAA-EJJ7-VSAX,OKIEMEDICINEFLOWER@GMAIL.COM,4058029212,YUKON,73099,CANADIAN,dispensaries, OKIE MEDICINE FLOWER
"M&W MANAGEMENT, LLC ",DAAA-NJIP-BAXX,MWWGREENINC@GMAIL.COM,4057617892,YUKON,73099,CANADIAN,dispensaries,
MME ENTERPRISES LLC ,DAAA-VJO1-VDFW,SURREYHILLS.OWNER@CBDPLUSUSA.COM,4052399798,YUKON,73099,CANADIAN,dispensaries, LOTUS GOLD
NATURAL GREEN CANNABIS DISPENSARY INC. ,DAAA-4J8G-LFAN,JESSYAROGERS@GMAIL.COM,4055370313,YUKON,73099,CANADIAN,dispensaries, HERB'N OUT
NICE LEAF LLC ,DAAA-KXKX-BDPT,ZIGGYZ.OKLAHOMA@GMAIL.COM,4052408391,YUKON,73099,CANADIAN,dispensaries, ZIGGYZ PLUS
OZ DISTRIBUTION AND SALES LLC ,DAAA-V1C8-VJDU,405DISTRIBUTION@GMAIL.COM,4057406020,YUKON,73099,CANADIAN,dispensaries, OZ DISPENSARY
"RISING ALTITUDE, LLC ",DAAA-DHMU-KPAU,TONYLDAVIS@MSN.COM,4056973939,YUKON,73099,CANADIAN,dispensaries, CRAFT CANNABIS COMPANY
THE GREEN LILY LLC ,DAAA-4KOW-5SSP,CWKOERTNER@GMAIL.COM,9184134606,YUKON,73099,CANADIAN,dispensaries,
THE LOUD FLOWER LLC ,DAAA-4YTD-UCZ9,WES@THELOUDFLOWER.COM,4053970600,YUKON,73099,CANADIAN,dispensaries,
TURTLEPONICS LLC ,DAAA-R5E2-IWE3,TURTLEPONICSLLC@GMAIL.COM,4056275308,YUKON,73099,CLEVELAND,dispensaries,
K-RAD'S CANNABIS ,DAAA-5KKA-P0AX,LELASLEAVES2019@GMAIL.COM,5807757865,BOKCHITO,74726,BRYAN,dispensaries, K-RAD'S CANNABIS
AL MONKS ,DAAA-NKJH-OPVP,ALMONKS@MONKSMOWING.COM,9184131364,BOKOSHE,74930,LE FLORE,dispensaries, 31 JCT SMOKE SHACK
3RD REALM LLC ,DAAA-VY1R-WEIM,MARYTHRNTN5@GMAIL.COM,4052503176,BOLEY,74829,OKFUSKEE,dispensaries,
PRESTON PIERCE ,DAAA-V1PY-MUDN,MIKEPIERCE74727@GMAIL.COM,5807753532,BOSWELL,74727,CHOCTAW,dispensaries, MIDWEST DISPENSARY
HIGH STAKES MMJ DISPENSARY LLC ,DAAA-B1VG-ZWYI,BAHLERS@ATT.NET,3166199670,BRAMAN,74632,KAY,dispensaries, HIGH STAKES MMJ DISPENSARY
"BENDE GREEN, LLC ",DAAA-4KMH-UD1L,MATT@STACYLEGALGROUP.COM,4058167228,BRISTOW,74010,CREEK,dispensaries,
DOK CORPORATION ,DAAA-NJJZ-I5SD,DANKOFOKLAHOMADISPENSARY@GMAIL.COM,9188416275,BRISTOW,74010,CREEK,dispensaries, DANK OF OKLAHOMA DISPENSARY 2
ROCKEN N LIMITED LIABILITY COMPANY ,DAAA-V19H-C9NE,ROCKENNDISPENSARY@GMAIL.COM,9187713082,BRISTOW,74010,CREEK,dispensaries, ROCKEN N LIMITED LIABILITY COMPANY
"SUPERIOR BUDS, LLC ",DAAA-N1Z0-LVQ8,SUPERIORBUDS19@GMAIL.COM,9187713941,BRISTOW,74010,CREEK,dispensaries," SUPERIOR BUDS, LLC"
ROUTE 66 NATURE CURE COPRORATION ,DAAA-4JHL-FSVR,ROUTE66NATURECURE@GMAIL.COM,9186070075,BRISTOW,74010,CREEK,dispensaries, ROUTE 66 NATURE CURE
RT 66 NATURE'S CURE LLC ,DAAA-QADQ-U8JV,ROUTE66NATURESCURE@YAHOO.COM,9185203762,BRISTOW,74010,CREEK,dispensaries,
BUZZN DISPENSARY INC ,DAAA-4JNX-IFTZ,BUZZNDISPENSARY@GMAIL.COM,9183849984,BROKEN ARROW,74011,TULSA,dispensaries, BUZZN DISPENSARY
CANNA LAND ,DAAA-EYT9-TN5M,MAZINKHALID1@GMAIL.COM,9183221198,BROKEN ARROW,74011,TULSA,dispensaries, CANDY LAND
NATURAL LEAF CORPORATION ,DAAA-V1YI-F8D9,MAMO4040@GMAIL.COM,9186979758,BROKEN ARROW,74011,TULSA,dispensaries, NATURAL REEF RX
SONALI CORPORATION ,DAAA-NKSD-EGML,SONALICORPORATION473@GMAIL.COM,9189063531,BROKEN ARROW,74011,TULSA,dispensaries, MRS MARY JANE
ZG CAPITAL LLC ,DAAA-VJRV-CUIL,ZGCAPITALOK@GMAIL.COM,4798066733,BROKEN ARROW,74011,TULSA,dispensaries, BROKEN ARROW CBD AND DISPENSARY
CKMD LLC ,DAAA-EJUO-R6K6,COWBOYKUSH@YAHOO.COM,4053059798,BROKEN ARROW,74012,TULSA,dispensaries, COWBOYKUSH DISPENSARY
"CORPORATION ASSET NETWORK ASSOCIATION, LLC ",DAAA-4KAJ-A0PL,JLRISMAN@SBCGLOBAL.NET,9185275742,BROKEN ARROW,74012,TULSA,dispensaries, MINERVA CANNA
CRYSTAL SHIP CORPORATION ,DAAA-NJN8-LKSQ,V.RALEIGH@YAHOO.COM,9187646036,BROKEN ARROW,74012,TULSA,dispensaries, MOJO RISING
"DR. OKIE, LLP ",DAAA-VFDY-JFLD,DR.OKIE74012@GMAIL.COM,9185234196,BROKEN ARROW,74012,TULSA,dispensaries,
DREAM ROAD INC ,DAAA-NWEE-KLPV,DREAM2.GREENTULSA@GMAIL.COM,9187244883,BROKEN ARROW,74012,TULSA,dispensaries, PRO-MED DISPENSARY
GM WARRIOR LLC ,DAAA-VJI2-YYVV,GAGEGARVER@ME.COM,4052291543,BROKEN ARROW,74012,OKLAHOMA,dispensaries, CAM CANNABIS
"GR COMPANIES OK, LLC ",DAAA-EK0F-CS8U,GRASSROOTSOKLAHOMA1@GMAIL.COM,7734597766,BROKEN ARROW,74012,TULSA,dispensaries, HERBOLOGY DISPENSARY
"GREEN COUNTRY REMEDIES, LLC ",DAAA-EYVM-PPTB,STEVE.HARRIS@1926BLAW.COM,9185921276,BROKEN ARROW,74012,TULSA,dispensaries,
"HIGH ROLLER INVESTMENTS, INC ",DAAA-EY1Z-PW1U,EMILY@SWAGGINWAGON.NET,9182649095,BROKEN ARROW,74012,TULSA,dispensaries,
"J&E CAPITAL & MANAGEMENT, LLC ",DAAA-NJXU-54TN,GUERRA954@GMAIL.COM,9543959530,BROKEN ARROW,74012,TULSA,dispensaries,
"J&E CAPITAL & MANAGEMENT, LLC ",DAAA-VYIQ-CTAH,GUERRA954@GMAIL.COM,9543959530,BROKEN ARROW,74012,TULSA,dispensaries,
"J&E INVESTMENTS & CONSULTING, LLC ",DAAA-EY78-4ZA3,GUERRA954@GMAIL.COM,9543959530,BROKEN ARROW,74012,TULSA,dispensaries,
KENOSHA ELM LLC ,DAAA-41RF-VJI8,KENOSHAELM@GMAIL.COM,9184040696,BROKEN ARROW,74012,TULSA,dispensaries, OKIND BA
MAGPIE KENOSHA LLC ,DAAA-EKE8-HJKW,LINDSEY.WATTS@TRUEDIGITALSECURITY.COM,9188048848,BROKEN ARROW,74012,TULSA,dispensaries, ZEN LEAF BROKEN ARROW
MS CORPORATION ,DAAA-V14N-ZRDZ,MAHBUB_LLC10@YAHOO.COM,9188416275,BROKEN ARROW,74012,TULSA,dispensaries, HEMP DISPENSARY +
"NATURAL ROOTS DISPENSARY, LLC ",DAAA-EYPQ-ZETA,NATURALROOTSDISPENSARY@GMAIL.COM,9183320625,BROKEN ARROW,74012,TULSA,dispensaries, NATURAL ROOTS DISPENSARY
"OKMC, LLC ",DAAA-NYQX-5OXY,JOSEPHDHALL2017@GMAIL.COM,9189357866,BROKEN ARROW,74012,TULSA,dispensaries, OKMC
"OKMC, LLC ",DAAA-41EU-WLUP,JOSEPHDHALL2017@GMAIL.COM,9189357866,BROKEN ARROW,74012,TULSA,dispensaries, OKMC
PIRPICH INDUSTRIES LLC ,DAAA-G8VT-GAH6,ILIKEBIGBUDSTOO@GMAIL.COM,9189162477,BROKEN ARROW,74012,TULSA,dispensaries, BIG BUDS NATURAL RELEAF
PURPLE MOON DISPENSARY INC ,DAAA-EYMD-DNBQ,SALVADORAVILA8898@GMAIL.COM,9033064716,BROKEN ARROW,74012,TULSA,dispensaries,
"SAINT JANE CANNABIS CLUB, LLC. ",DAAA-NJ6T-WRA4,CSEHVOLERE@GMAIL.COM,9182325954,BROKEN ARROW,74012,TULSA,dispensaries," SAINT JANE CANNABIS CLUB, LLC."
SPARKY MCGEE LLC ,DAAA-E1IA-PA57,SPARKYMCGEELLC@YAHOO.COM,9182713535,BROKEN ARROW,74012,TULSA,dispensaries, SPARKY MCGEE
"STARBUDZ CANNABIS DISPENSARY, LLC ",DAAA-EKHI-PTIS,DMFAIRS@AOL.COM,9186062578,BROKEN ARROW,74012,TULSA,dispensaries, FIVE STAR BUDZ
"Z&M,  INC. ",DAAA-NYYK-ZIAY,CHERRIE.MUZAFFAR@GMAIL.COM,9186397991,BROKEN ARROW,74012,TULSA,dispensaries, GREENHUB CANNABIS CLUB
"4-C'S SHOP, LLC ",DAAA-QUSA-XIWG,4CSSHOP@GMAIL.COM,9185339635,BROKEN ARROW,74014,WAGONER,dispensaries,
ENTITLED HEALTH LLC ,DAAA-EKML-QH7G,INFO@ENTITLEDHEALTH.COM,9189947603,BROKEN ARROW,74014,WAGONER,dispensaries, ENTITLED HEALTH LLC
GREEN GORILLA CANNABIS COMPANY LLC ,DAAA-JE61-H9BR,GREENGORILLACANNABISCO@YAHOO.COM,9183469759,BROKEN ARROW,74014,WAGONER,dispensaries,
LIFE STYLE DISPENSARIES LLC ,DAAA-LC5R-DY1S,STRONGBEACH4@GMAIL.COM,9188052371,BROKEN ARROW,74014,WAGONER,dispensaries, LIFE STYLE DISPENSARY
MED PHARM INC ,DAAA-4KN9-NOOD,DENIMINK@AOL.COM,9182847875,BROKEN ARROW,74014,WAGONER,dispensaries, MED PHARM
PURAVERDE DISPENSARY 81 STREET LLC. ,DAAA-EY9V-RHNT,RYAN@BUFFALOROZE.COM,4796533452,BROKEN ARROW,74014,WAGONER,dispensaries, CHACO VALLEY DISPENSARY
"318, INC ",DAAA-VY2E-AW9U,HAMILTONSDISPENSARY@GMAIL.COM,9188503863,BROKEN ARROW,74012,TULSA,dispensaries, HAMILTONS BUD AND BLOOM
FROSTY PINES LLC ,DAAA-EYQK-SJPU,FROSTYPINESDISPENSARY@GMAIL.COM,4057575133,BROKEN BOW,74728,MCCURTAIN,dispensaries, FROSTY PINES DISPENSARY
GOOD GRASS CO LLC ,DAAA-MRDM-J3JH,STEPHANIAN.FAMILY.INVESTMENTS@GMAIL.COM,2147383757,BROKEN BOW,74728,MCCURTAIN,dispensaries, GOOD GRASS CO LLC
LEAVES OF GRASS INC ,DAAA-4KJN-9SOV,LOGDISPENSARY@GMAIL.COM,4055506250,BROKEN BOW,74728,MCCURTAIN,dispensaries, LEAVES OF GRASS
MOUNTAIN FORK CANNA CURE CORPORATION ,DAAA-E1ZX-UPBZ,KRISTANMORRIS1@GMAIL.COM,4054089304,BROKEN BOW,74728,MCCURTAIN,dispensaries, MCCURTAIN COUNTY GOLD
NOVA CANNABIS COMPANY LLC ,DAAA-NGOX-SNRE,TERRIEGOSSETT@GMAIL.COM,3615826197,BROKEN BOW,74728,MCCURTAIN,dispensaries,
"RED RIVER REMEDIES, LLC ",DAAA-NKYQ-X7ZA,ZILJIANAGUIRRE@GMAIL.COM,4699689451,BROKEN BOW,74728,MCCURTAIN,dispensaries, KANNA KURES HOCHATOWN
ROBOT PHARMER LLC ,DAAA-VJTQ-INKW,JOSHWHEAT@ROBOTPHARMER.COM,8172711339,BROKEN BOW,74728,MCCURTAIN,dispensaries, ROBOT PHARMER LLC
"STONERICH HERB, LLC ",DAAA-YCL6-0DKH,STONESCOGGIN@GMAIL.COM,5802120168,BROKEN BOW,74728,MCCURTAIN,dispensaries," STONERICH HERB, LLC"
"STONERICH HERB, LLC ",DAAA-X4JL-TZMU,STONESCOGGIN@GMAIL.COM,5802120168,BROKEN BOW,74728,MCCURTAIN,dispensaries," STONERICH HERB, LLC"
THE BUD BUFFET ,DAAA-RSLG-QMCM,THEBUDBUFFET@HOTMAIL.COM,8705823832,BROKEN BOW,74728,MCCURTAIN,dispensaries, THE BUD BUFFET
"THE MEDICAL JOINT DISPENSARY, LLC ",DAAA-TXA5-38WH,MEDICALJOINT@YAHOO.COM,5802122434,BROKEN BOW,74728,MCCURTAIN,dispensaries,
WILD HERB WELLNESS LLC ,DAAA-N1Z8-KBND,CASSANDRAMEEK@GMAIL.COM,5802369814,BROKEN BOW,74728,MCCURTAIN,dispensaries, WILD HERB ;WELLNESS LLC
FERN LLC ,DAAA-UWF8-5FAH,BEVERLYMARTINE@GMAIL.COM,5806786554,CACHE,73527,COMANCHE,dispensaries, FERN LLC
BOBS BUDS ,DAAA-D3IM-353I,BOBBUDS247@GMAIL.COM,2144930456,CALERA,74730,BRYAN,dispensaries, BOBS BUDS
DOOBIE EXPRESSWAY LLC ,DAAA-QZJN-1LE7,ANTHONY@DOOBI.EXPRESS,4692150850,CALERA,74730,BRYAN,dispensaries, DOOBIE EXPRESSWAY LLC
MEDSTATION LLC ,DAAA-NK17-XDCO,PUBCO1@GMAIL.COM,2142021566,CALERA,74730,BRYAN,dispensaries, MEDSTATION LLC
NEON BLOOM LLC ,DAAA-6AFN-U2RH,NEONBLOOMLLC@GMAIL.COM,5802398066,CALERA,74730,BRYAN,dispensaries, NEON BLOOM
RED RIVER DISPENSARY LLC ,DAAA-NYBA-I7CB,SALES@CANNAMEDOK.COM,5809166295,CALERA,74730,BRYAN,dispensaries, CANNA MED
TOP NOTCH DISPENSARY LLC ,DAAA-E1LP-RHYL,TOPNOTCHDISPENSARY@GMAIL.COM,5803644352,CALERA,74730,BRYAN,dispensaries, TOP NOTCH DISPENSARY LLC
WEEDWORKS 4 U ,DAAA-EY0N-RSWE,WEEDWORKS4U@GMAIL.COM,5804342735,CALERA,74730,BRYAN,dispensaries, WEEDWORKS 4 U
"B & C EL RENO ENTERPRISES, INC. ",DAAA-4KY4-S8AD,CLAUDIAJRAY@PREMIEREVALLEYPRODUCTS.COM,4052079333,CALUMET,73011,CANADIAN,dispensaries, CANADIAN COUNTY CANNABIS
HARDEE PHARMS LLC ,DAAA-44MU-XJRF,HARDEEPHARMS@GMAIL.COM,4052057508,CALUMET,73014,CANADIAN,dispensaries, HARDEE PHARMS LLC
"WAYNE'S WORLD DISPENSARY, LLC ",DAAA-4JPQ-UZT6,CYNTHIASDEPO@GMAIL.COM,4796517529,CAMERON,74932,LE FLORE,dispensaries, WAYNE'S WORLD DISPENSARY
RELEAF YOUR WAY ,DAAA-E4SQ-T8YO,KENNYR31@HOTMAIL.COM,5808865321,CANTON,73724,BLAINE,dispensaries,
GROWING DREAMS LLC ,DAAA-EJAO-M27V,GROWINGDREAMSLLC@YAHOO.COM,4172399374,CANUTE,73626,WASHITA,dispensaries, GROWING DREAMS
SWEET LEAF MEDZ LLC ,DAAA-N1Q8-4NH2,CALEBKIRKPATRICK00@GMAIL.COM,5806601587,CANUTE,73626,WASHITA,dispensaries, SWEET LEAF MEDZ
TEST HIPPIE CURES LLC ,DAAA-EKMU-IYCX,TESTHIPPE@GMAIL.COM,4056682409,CARNEGIE,73015,CADDO,dispensaries, TEST HIPPIE CURES
"PILOT AIRWAYS, LLC ",DAAA-4Y6P-XBKQ,KRISSB253@GMAIL.COM,2537325490,CARNEY,74832,LINCOLN,dispensaries," PILOT AIRWAYS, LLC"
T&C HOLDINGS LLC ,DAAA-AEAC-EZGV,WANDA@SIXTY4FARMS.COM,5803997616,ADA,74820,PONTOTOC,dispensaries, '64 FARMS
THE MEDICINE POUCH LLC ,DAAA-21QC-4Z3S,THEMEDICINEPOUCH.ADA@GMAIL.COM,5803200487,ADA,74820,PONTOTOC,dispensaries,
"THE RUSTIK LEAF, L.L.C. ",DAAA-EYJB-UWU9,THERUSTIKLEAF@GMAIL.COM,5802791820,ADA,74820,PONTOTOC,dispensaries, THE RUSTIK LEAF
"TOPPERS HERBAL CENTER, LLC ",DAAA-4JH0-WIQD,AUDREYA_75@YAHOO.COM,5803207258,ADA,74820,PONTOTOC,dispensaries," TOPPERS HERBAL CENTER, LLC"
"5 BIG BOYS, LLC. ",DAAA-4KYJ-EJEV,GMOOREOK@YAHOO.COM,5805042711,ADA,74820,PONTOTOC,dispensaries, RAILHEAD CANNABIS COMPANY
"HIGHER HEALTH, INC. ",DAAA-N1FT-1Y1H,AMBER.HALLUM@HIGHERHEALTHOKLAHOMA.COM,7853070975,AFTON,74331,DELAWARE,dispensaries, HIGHER HEALTH
"IRIE OKIE, LLC ",DAAA-4JMA-GTDP,TBROWNINAV@YAHOO.COM,9185333166,AFTON,74331,OTTAWA,dispensaries, IRIE OKIE
"KIND CHOICE CANNABIS, LLC ",DAAA-Q8WA-EFNP,TYOAKUM77@GMAIL.COM,2318330098,AFTON,74331,OTTAWA,dispensaries, KIND CHOICE CANNABIS
"KIND CHOICE CANNABIS, LLC ",DAAA-SOL7-KRMZ,TYOAKUM77@GMAIL.COM,2318330098,AFTON,74331,OTTAWA,dispensaries, KIND CHOICE CANNABIS
"WBW CLINIC, INC ",DAAA-AX9T-EDZC,NMILLER@WBW.CENTER,9182579570,AFTON,74331,OTTAWA,dispensaries,
BCC FLOWER LLC ,DAAA-CQZL-SDQT,RE.REGGIEERVIN88@GMAIL.COM,5802153277,ALTUS,73521,JACKSON,dispensaries, BCC FLOWER LLC
DEEZ MEDZ RX LLC ,DAAA-3V1O-E8EE,DILLONRIDLEY@ICLOUD.COM,5804718655,ALTUS,73521,JACKSON,dispensaries, DEEZ MEDZ RX LLC
JUDE'S FARM LLC ,DAAA-VYJN-DF88,RICKGBLOC@GMAIL.COM,8179916350,ALTUS,73521,JACKSON,dispensaries, GREEN BLOCK ALTUS
KIOWA WELLNESS CENTER ,DAAA-NKDV-ZKCF,KIOWAWELLNESSCENTER@GMAIL.COM,5803799244,ALTUS,73521,JACKSON,dispensaries, KIOWA WELLNESS CENTER
"MCHENRY GOLDBERG HOLDINGS, LLC ",DAAA-KTUT-Q43K,RICKI@ELECTRALEAF.COM,4847975950,ALTUS,73521,JACKSON,dispensaries, ELECTRALEAF
"OKIE GREEN GOLD, LLC ",DAAA-NKEU-T1ZG,JOEY.MEIBERGEN@JEINC.COM,5802494419,CARRIER,73727,GARFIELD,dispensaries,
"GREEN BONNET DISP, LLC ",DAAA-KCNE-S9MW,KAIMBRIWHITE@CLIMB-COLLECTIVE.COM,9034493995,CARTWRIGHT,74731,BRYAN,dispensaries,
"OKLAHOMAS BEST CANNABIS, LLC ",DAAA-SWV0-2040,ROB@ECOHEMPWHOLESALE.COM,4054170647,CARTWRIGHT,74731,BRYAN,dispensaries, OKLAHOMAS BEST CANNABIS
RED RIVER MEDICINE COMPANY LLC ,DAAA-V05G-PWHE,REDRIVERDIS@GMAIL.COM,9036249701,CARTWRIGHT,74731,BRYAN,dispensaries, DAM MED STOP
SWEET LEAF FARMACY LLC ,DAAA-EKFV-BQ4X,FLOWERLADYOK@YAHOO.COM,9038185049,CARTWRIGHT,74731,BRYAN,dispensaries,
PUNKY'S LLC ,DAAA-DW12-ECAQ,JCSMITHLEGAL@GMAIL.COM,4054767473,CASHION,73016,KINGFISHER,dispensaries, PUNKY'S LLC
RURAL ROOTS LLC ,DAAA-410E-DK8V,RURALROOTSDISPENSARY@YAHOO.COM,4053883834,CASHION,73016,LOGAN,dispensaries, RURAL ROOTS LLC
DEL REY COLLECTIVE LLC ,DAAA-EKKZ-EVBX,ALANSOLEYMAN@YAHOO.COM,3102799521,CATOOSA,74015,TULSA,dispensaries, OKIE WONDERLAND
"HIGH ROLLER INVESTMENTS, INC ",DAAA-N1HK-M94G,ROBIN@CBDPLUSUSA.COM,9189355643,CATOOSA,74015,ROGERS,dispensaries,
KUSH TRIPS LLC ,DAAA-YYLT-36GO,ALANSOLEYMAN@YAHOO.COM,3102799521,CATOOSA,74015,ROGERS,dispensaries, KUSH TRIPS LLC
THE POT SHOP LLC ,DAAA-4YV7-MSQA,THEPOTSHOP918@GMAIL.COM,9186978223,CATOOSA,74015,ROGERS,dispensaries, THE POT SHOP LLC
BARN 66 DISPENSARY LLC ,DAAA-QVLL-LBMU,BARN66918@YAHOO.COM,9188571909,CATOOSA,74015,ROGERS,dispensaries, BARN 66
18920 WONDERLAND LLC ,DAAA-QLZ3-0KZD,ALANSOLEYMAN@YAHOO.COM,3102799521,CATOOSA,74015,TULSA,dispensaries, OKIE WONDERLAND
SPINDLETOP FLOWER SHOP INC ,DAAA-VKLP-3LJP,SPINDLETOPFLOWERSHOP@GMAIL.COM,4053187056,CEMENT,73017,CADDO,dispensaries, SPINDLETOP FLOWER SHOP
DA&JACK LLC ,DAAA-4JAA-KJW0,CENTRALWELLNESSSAMMY@GMAIL.COM,3215019927,CENTRAL HIGH,73055,STEPHENS,dispensaries, JACKS DISPENSARY
PIRPICH INDUSTRIES ,DAAA-NJBV-X8JL,ILIKEBIGBUDSTOO@GMAIL.COM,4058865792,CHANDLER,74834,LINCOLN,dispensaries, BIG BUDS DISPENSARY
66 DISPENSARY LLC ,DAAA-VJYO-54OZ,BLISBELL60@YAHOO.COM,4053341231,CHANDLER,74834,LINCOLN,dispensaries, 66 DISPENSARY LLC
"66 TREEHOUSE, LLC ",DAAA-4KZM-AOHN,MBAYJEWELRY@GMAIL.COM,4054102683,CHANDLER,74834,LINCOLN,dispensaries, 66 TREEHOUSE
"BOOTHILL BUDZ, LLC ",DAAA-NKIQ-LWUF,BOOTHILLBUDZ@GMAIL.COM,9188431042,CHECOTAH,74426,MCINTOSH,dispensaries, BOOTHILL BUDZ
CHECOTAH CANNABIS SHOP LLC ,DAAA-VYYX-INUH,CCSRELIEF@GMAIL.COM,9184737384,CHECOTAH,74426,MCINTOSH,dispensaries, CHECOTAH CANNABIS SHOP
CHECOTAH MEDICAL DISPENSARY PRODUCTS LLC ,DAAA-V1CN-Q3TT,MICHAEL.LOZIER64@GMAIL.COM,4056121340,CHECOTAH,74426,MCINTOSH,dispensaries, CHECOTAH MEDICAL DISPENSARY
DAZEY'S CANNABIS COMPANY ,DAAA-4YC8-0F1V,DAZEYSCANNABISCO@GMAIL.COM,9184701907,CHECOTAH,74426,MCINTOSH,dispensaries, DAZEY'S CANNABIS CO
"GREEN CANOPY SOLUTIONS, INC ",DAAA-V151-CMBL,GREENCANOPYSOLUTIONS@GMAIL.COM,9189651234,CHELSEA,74016,ROGERS,dispensaries,
MOTHER ROAD MEDICINES LLC ,DAAA-41ER-OCAY,SFRWDR17@GMAIL.COM,9186971446,CHELSEA,74016,ROGERS,dispensaries,
CLOVERFIELDS LLC ,DAAA-4K1D-JOU4,CLOVERFIELDSLLC18@GMAIL.COM,5808849299,CHEROKEE,73728,ALFALFA,dispensaries, CLOVERFIELDS NATURAL WELLNESS
"HOMETOWN DISPENSARY, LLC ",DAAA-VK2F-SRLQ,HENSLEYMOM1@GMAIL.COM,5805966113,CHEROKEE,73728,ALFALFA,dispensaries,
"IGGYS GREEN RUSH, LLC ",DAAA-N1MP-1WU8,IGGYSGREENRUSH@GMAIL.COM,5808849140,CHEROKEE,73728,ALFALFA,dispensaries," IGGYS GREEN RUSH, LLC"
FREEDOM LEAF LLC ,DAAA-41IV-FOMJ,AARONGOLDBERG11@GMAIL.COM,4054414665,CHICKASHA,73018,GRADY,dispensaries, ELECTRALEAF
"GOOD STEM, LLC ",DAAA-N1R2-WXOM,LORICOWAN0926@YAHOO.COM,4058928615,CHICKASHA,73018,GRADY,dispensaries, THE GOOD STEM
"HIGH VIBEZ, LLC ",DAAA-VKKG-WPA9,JEREMYSPOON14@GMAIL.COM,4053202364,CHICKASHA,73018,GRADY,dispensaries," HIGH VIBEZ, LLC"
HIPPY SOLUTIONS LLC ,DAAA-EYAA-D6IQ,BTJ@BRIANTEDJONES.COM,4056398497,CHICKASHA,73018,GRADY,dispensaries,
"MERCHANTS OF MARIJUANA, LLC ",DAAA-EJIG-U9BP,DENNISWWILKERSON@GMAIL.COM,4057791497,CHICKASHA,73018,GRADY,dispensaries,
"NATIVE HARVEST, LLC ",DAAA-13GE-K2SB,MARTYL@BIGREDSPORTS.COM,4052346525,CHICKASHA,73018,GRADY,dispensaries, NATIVE HARVEST
NEW LEAF MEDICINALS LLC ,DAAA-41VC-KGOV,ERICK.NEWLEAF@GMAIL.COM,4055742101,CHICKASHA,73018,GRADY,dispensaries, NEW LEAF MEDICINALS LLC
"PAINTED PISTOLS, LLC ",DAAA-4YST-MYNX,TEAMDIRTYHANDS@GMAIL.COM,4059997707,CHICKASHA,73018,GRADY,dispensaries, PAINTED PISTOLS CANNABIS CO.
POT LUCK DISPENSARY ,DAAA-EKXF-XRVF,POTLUCKDISPENSARY@GMAIL.COM,5807060271,CHICKASHA,73018,GRADY,dispensaries, POT LUCK DISPENSARY LLC
"ROMP MEDICINAL, LLC ",DAAA-VJXG-JJCU,BINSWORTH@CBDPLUSUSA.COM,5806786629,CHICKASHA,73018,GRADY,dispensaries, LOTUS GOLD CHICKASHA
STARBUDS DISPENSARY CHICKASHA LLC ,DAAA-V1WG-RQNX,ICECRMAN28@GMAIL.COM,5806821374,CHICKASHA,73018,GRADY,dispensaries,
"THE HERBAL CHOICE, LLC ",DAAA-V1ZK-LBMT,JSSTINSON@OUTLOOK.COM,4056428563,CHICKASHA,73018,GRADY,dispensaries," THE HERBAL CHOICE, LLC"
THE HIGHER CARE ,DAAA-VJXU-1WVS,THEHIGHERCARE.OK@GMAIL.COM,4054262648,CHICKASHA,73018,GRADY,dispensaries, THE HIGHER CARE
UNIVERSAL GROWERS LLC ,DAAA-GE4J-NU3H,JTIMMONS@CWLAW.COM,4052725745,CHICKASHA,73018,GRADY,dispensaries, KINDLY OKLAHOMA
GN 2207 CHICKASHA INNOVATIONS LLC ,DAAA-PHVC-UG43,GNCHICKASHAINNOVATIONS@GMAIL.COM,5807436030,CHICKASHA,73018,GRADY,dispensaries, GREEN NATION
DOOBIES LLC ,DAAA-4YOK-QTPA,TIMSTHOMAS@AOL.COM,4052466153,CHOCTAW,73020,OKLAHOMA,dispensaries, DOOBIES LLC
"GOLDEN BLOOM, LLC ",DAAA-SQZL-MBFS,BRUCE@MARVELBLOOM.COM,4055129159,CHOCTAW,73020,CHOCTAW,dispensaries, GOLDEN BLOOM
KT'S BEST BUDS DISPESARY LLC ,DAAA-41OL-ZIBQ,NANAPAPA11781@GMAIL.COM,4056300792,CHOCTAW,73020,OKLAHOMA,dispensaries,
ROCKY'S POT SHOP INC. ,DAAA-4WZJ-GBHZ,EBEDARD@COX.NET,4052023179,CHOCTAW,73020,OKLAHOMA,dispensaries, ROCKY'S POT SHOP INC.
SHAWN L D SHANNON LLC ,DAAA-N1P9-Z1XN,CBDOASISOK@GMAIL.COM,4055203205,CHOCTAW,73020,OKLAHOMA,dispensaries, GREEN OASIS +
THE BUDOLOGIST LLC ,DAAA-EYPP-OPKP,THEBUDOLOGIST@GMAIL.COM,4057388322,CHOCTAW,73020,OKLAHOMA,dispensaries,
"THE HIGH ROAD DISPENSARY ,LLC ",DAAA-41MR-ADII,THEHIGHROAD405@GMAIL.COM,4058235405,CHOCTAW,73020,OKLAHOMA,dispensaries, THE HIGH ROAD
TRULY HIGH CLASS DISPENSARY LLC ,DAAA-Q6YE-7Y4O,LOUDCITYBULLIES@YAHOO.COM,5804780464,CHOCTAW,73020,OKLAHOMA,dispensaries, TRULY HIGH CLASS DISPENSARY LLC
URBAN LEAF COMPANY LLC. ,DAAA-EKB0-JWTJ,TAMMIE.WITCOSKY@AOL.COM,4052133932,CHOCTAW,73020,OKLAHOMA,dispensaries, URBAN LEAF COMPANY LLC.
"405 GAS STATION 2, LLC ",DAAA-NK3U-CKDM,405GASSTATION2@GMAIL.COM,4054734550,CHOCTAW,73020,OKLAHOMA,dispensaries,
GREEN RANCH LLC ,DAAA-VJ7H-TGYS,AMMULLEN83@GMAIL.COM,9183468377,CHOUTEAU,74337,MAYES,dispensaries, GRO WELLNESS
LINDA CROSSON OR JACK MUHLHAUSER ,DAAA-EYDU-M5AP,MUHLHAUSER.FLOWER@YAHOO.COM,9188644082,CHOUTEAU,74337,MAYES,dispensaries, MUHLHAUSER FLOWER CO
MUHLHAUSER FLOWER ,DAAA-JABA-6DCT,MUHLHAUSER.FLOWER@YAHOO.COM,9188644082,CHOUTEAU,74337,MAYES,dispensaries, MUHLHAUSER FLOWER
NATURE'S FIX DISPENSARY LLC ,DAAA-EJXU-HARW,JBIBLE32@YAHOO.COM,9186376988,CHOUTEAU,74337,MAYES,dispensaries, NFX
OKIES HIGH HOPES INC ,DAAA-VJMA-4WNK,CASSIPLUSCODY@GMAIL.COM,9184026162,CLAREMORE,74016,ROGERS,dispensaries,
AFFORDABLE MEDICAL INC. ,DAAA-NJUC-GRP3,AFFORDABLEMEDICALINC1@GMAIL.COM,9185249335,CLAREMORE,74017,ROGERS,dispensaries, AFFORDABLE MEDICAL CANNABIS
"B&K'S GASSY GOAT, LLC ",DAAA-E1CR-EHIU,BANDKGASSYGOAT@GMAIL.COM,9187293805,CLAREMORE,74017,ROGERS,dispensaries," B&K'S GASSY GOAT, LLC"
BIG DADDY'S PUFF PALACE DISPENSARY LLC ,DAAA-GVDC-17GL,BIGDADDYSPUFFPALACE@GMAIL.COM,9187402648,CLAREMORE,74017,ROGERS,dispensaries, BIG DADDY'S PUFF PALACE DISPENSARY LLC
"CAPTAIN & CAPTAIN, INC. ",DAAA-EK8O-DFJP,TNUGSWOC@GMAIL.COM,8477910276,CLAREMORE,74017,ROGERS,dispensaries, T NUGS WORLD OF CANNABIS
DANKY MCNUGGY MEDICAL GROUP ,DAAA-VYX3-JLZP,JAMILYNN.LAMBERT@GMAIL.COM,5805748397,CLAREMORE,74017,OKLAHOMA,dispensaries, DANKY MCNUGGY MEDICAL
DR420NOW LLC ,DAAA-EKLY-F7WT,N.BUTTERFIELD@COX.NET,9186931443,CLAREMORE,74017,ROGERS,dispensaries, PURERX
"EVO CANNABIS COMPANY, LLC ",DAAA-NJZE-FFPA,TIK@EVOLUTIONONLINE.COM,9182075436,CLAREMORE,74017,ROGERS,dispensaries, EVO CANNABIS COMPANY CLAREMORE
FLOWER RX LLC ,DAAA-NK90-L5PH,FLOWERRXLLC@GMAIL.COM,9189233125,CLAREMORE,74017,ROGERS,dispensaries,
GREEN CANOPY SOLUTIONS INC. ,DAAA-4YYJ-BW7B,GREENCANOPYSOLUTIONS@GMAIL.COM,9182375666,CLAREMORE,74017,ROGERS,dispensaries,
"GREEN CANOPY SOLUTIONS, INC ",DAAA-4JOZ-YMZ8,GREENCANOPYSOLUTIONS@GMAIL.COM,9189651234,CLAREMORE,74017,ROGERS,dispensaries,
GREEN NATION DISPENSARY LLC ,DAAA-DFAW-ZXBT,VAPORWORLD12@GMAIL.COM,5807436030,CLAREMORE,74017,ROGERS,dispensaries, GREEN NATION
KOLI CANNABIS LTD ,DAAA-41GC-8W1Z,SHOBUJ26@HOTMAIL.COM,9188127913,CLAREMORE,74017,ROGERS,dispensaries, KOLI CANNABIS
MED BAG LLC ,DAAA-4KHG-UNQP,MEDBAG420@GMAIL.COM,9187402648,CLAREMORE,74017,ROGERS,dispensaries,
MOUA YANG ,DAAA-NJ6Y-TNWQ,MYJOLINA01@YAHOO.COM,2485053672,CLAREMORE,74017,ROGERS,dispensaries, GREEN MOUNTAIN DISPENSARY
OUNCE UPON A TIME LLC ,DAAA-417D-SDI0,GETHEALTHYWITHLESLIE14@GMAIL.COM,9187105433,CLAREMORE,74017,ROGERS,dispensaries, OUNCE UPON A TIME
"RELEAF ORGANICS, LLC ",DAAA-NJK1-HL7Q,LSTONEBARGER1978@GMAIL.COM,9183525447,CLAREMORE,74017,ROGERS,dispensaries, RELEAF ORGANICS
S & M VENTURES LLC ,DAAA-EKFE-VMHX,SANDMVENTURESOK@GMAI.COM,9188130153,CLAREMORE,74017,ROGERS,dispensaries, LUCKYS DOWNTOWN
SOCO DISPENSARY LLC ,DAAA-IOSC-HFMW,RYANLBERMEL@GMAIL.COM,3037093128,CLAREMORE,74017,ROGERS,dispensaries, SOCO DISPENSARY LLC
WKG LLC ,DAAA-NJGR-JOZQ,MO@AUDX.IO,3058017900,CLAREMORE,74017,ROGERS,dispensaries,
YOUTOKEM LLC ,DAAA-E1SV-YCWS,APRICKETT01@GMAIL.COM,9187240066,CLAREMORE,74017,ROGERS,dispensaries, UTOKEM
"BIG B’S FARMACY, LLC ",DAAA-EK6J-A6NL,BIGBSBUDS@GMAIL.COM,9186941969,CLAREMORE,74019,ROGERS,dispensaries,
KOLI CANNABIS LTD ,DAAA-VYQD-IYN0,SHOBUJ26@HOTMAIL.COM,9188127913,CLAREMORE,74019,ROGERS,dispensaries, KOLI CANNABIS LTD
AMERICAN DISPENSARY LLP ,DAAA-4JRX-HCGD,SMOORE190243@GMAIL.COM,9186951902,CLEVELAND,74020,PAWNEE,dispensaries, AMERICAN DISPENSARY LLP
THE CORNER JOINT LLC ,DAAA-NKXL-IRYQ,THECORNERJOINTLLC@GMAIL.COM,9182328810,CLEVELAND,74020,PAWNEE,dispensaries, CLEVELAND CORNER JOINT
"BRILLIANT CHEN, LLC ",DAAA-V163-UKIP,MATT@STACYLEGALGROUP.COM,4058167532,CLINTON,73601,CUSTER,dispensaries,
CODY'S CANNABIS LLC ,DAAA-EYRK-BPTG,REDDIRTAUDIO@ATT.NET,5803319366,CLINTON,73601,CUSTER,dispensaries, CODY'S CANNABIS LLC
"REAL EARTH REMEDIES, LLC. ",DAAA-VWAP-N49S,REALEARTHREMEDIES@GMAIL.COM,5802905151,CLINTON,73601,CUSTER,dispensaries, LADY JANE'S DISPENSARY
HI WAY 66 DISPENSARY LLC ,DAAA-N1U2-RW0J,HIGHWAY66DISPENSARY@GMAIL.COM,5802140235,CLINTON,73601,CUSTER,dispensaries,
BUDS STATION LLC ,DAAA-4KYC-4YDV,TONYXIONG1986@YAHOO.COM,5593853743,COALGATE,74538,COAL,dispensaries, BUDS STATION
SIMPLY GROW PHARMS LLC ,DAAA-OSXD-LDXV,BILLING@SIMPLYGROWLLC.COM,5809275222,COALGATE,74538,COAL,dispensaries,
SILAS CLAY BARRETT ,DAAA-NKNW-EJUL,CLAYBARRETT14@GMAIL.COM,9407338571,COLBERT,74701,BRYAN,dispensaries, NATURES WAY CANNABIS FARM
"GET RIGHT CAFE, LLC ",DAAA-4JJT-W4FR,BELLCHRIS10@YAHOO.COM,9037181582,COLBERT,74733,BRYAN,dispensaries,
"GREEN LEAF REMEDIES, LLC ",DAAA-41YO-FGII,GREENLEAFREMEDIES420@GMAIL.COM,9032679454,COLBERT,74733,BRYAN,dispensaries, GREEN LEAF REMEDIES
KINGS RESERVES ,DAAA-EJFS-FXLK,TODD@KINGSRESERVES.COM,5804369292,COLBERT,74733,BRYAN,dispensaries, KINGS RESERVES LLC RETAIL1
ALTCARE 10 LLC ,DAAA-EKBC-K3DR,TYLERDOOLITTLE@ME.COM,4054884149,COLBERT,74733,BRYAN,dispensaries, FIRE LEAF
HYDRO GROW LLC ,DAAA-RUZD-AWQK,HYDROGROW46@YAHOO.COM,9183260000,COLCORD,74338,DELAWARE,dispensaries, THE GREEN DOOR COLCORD
PLANET TERPENE ,DAAA-NKNH-INAB,PLANETTERPENE@GMAIL.COM,9183141504,COLCORD,74338,DELAWARE,dispensaries," PLANET TERPENE, LLC"
"SEQUOYAH GREEN, LLC ",DAAA-V1OI-MPVY,SEQGREEN@GMAIL.COM,4052557484,COLCORD,74338,DELAWARE,dispensaries, HOMETOWN STASH
STATE LINE DISPENSARY LLC ,DAAA-V1SN-BQ8I,DEREKNETZ@GMAIL.COM,9187746137,COLCORD,74338,DELAWARE,dispensaries, STATE LINE DISPENSARY OF WEST SILOAM SPRINGS
DR420NOW LLC ,DAAA-4YNJ-EB1K,N.BUTTERFIELD@COX.NET,9186931443,COLLINSVILLE,74021,ROGERS,dispensaries, PURERX
KIMS POT ,DAAA-4DUS-3YH2,MJTURNBAUGH@YAHOO.COM,9186883723,COLLINSVILLE,74021,TULSA,dispensaries,
MASTER OF BUDS LLC ,DAAA-EY2E-UNPG,MASTEROFBUDS420@GMAIL.COM,9183139016,COLLINSVILLE,74021,TULSA,dispensaries,
"WORLD OF WEED 2, LLC ",DAAA-EYF3-JROL,SAMDESAI4@GMAIL.COM,8563133795,COLLINSVILLE,74021,TULSA,dispensaries," WORLD OF WEED 2, LLC"
CURE - ALL DISPENSARY LLC ,DAAA-NK2F-G2XC,CUREALLDISPENSARY@GMAIL.COM,5808607143,COMANCHE,73529,STEPHENS,dispensaries, CURE - ALL DISPENSARY
GREEN HEALTH ,DAAA-E1BI-VHHL,MANDYDEMENT@ICLOUD.COM,9189611646,COMMERCE,74339,OTTAWA,dispensaries,
"THE SPEAKEASY ON ROUTE 66, LLC ",DAAA-EKFL-AKLU,CINDYHOOTS01@GMAIL.COM,9189612011,COMMERCE,74339,OTTAWA,dispensaries,
WEED-MART LLC. ,DAAA-N1MW-KTYA,WEEDMARTLLC@GMAIL.COM,9182080955,COOKSON,74427,CHEROKEE,dispensaries, WEED-MART
BULLY DREAMZ LLC ,DAAA-IFVZ-EDAH,BTJ@BRIANTEDJONES.COM,4056398497,CORDELL,73632,WASHITA,dispensaries,
COLLEGE ST CANNABIS ,DAAA-4Y0C-OXO8,KTILLEY2811@GMAIL.COM,5808327020,CORDELL,73632,WASHITA,dispensaries, COLLEGE ST CANNABIS
DAZED AND CONFUSED CANNABIS CO LLC ,DAAA-V1WR-J4EG,JBYNUM33@YAHOO.COM,5806601041,CORDELL,73632,WASHITA,dispensaries,
FADED CANNABIS LLC ,DAAA-8MOG-FV2T,BACKALLEYBUDS@GMAIL.COM,5805301721,CORDELL,73632,WASHITA,dispensaries,
"ADAY BOLO RETAIL 1, LLC ",DAAA-VYGT-JKDX,ALEX.PACE1963@ICLOUD.COM,8175079945,CORNISH,73456,JEFFERSON,dispensaries, GREEN THUMB DISPENSARY
FLOWER TOPS ,DAAA-4KLQ-AFOV,FLOWERTOPS.COWETA@GMAIL.COM,9182693544,COWETA,74429,WAGONER,dispensaries, FLOWER TOPS
HEALING SPIRITS DISPENSARY LLC ,DAAA-41IJ-ZAV1,HEALINGSPIRITSDISPENSARY@GMAIL.COM,4052052332,COYLE,73027,LOGAN,dispensaries, HEALING SPIRITS DISPENSARY LLC
OUTPOST 33 LLC ,DAAA-E1H7-HBYE,KERRBRENT@YAHOO.COM,9182252506,COYLE,73027,PAYNE,dispensaries, OUTPOST 33 LLC
H.J.S.G. LLC ,DAAA-4KNF-HVQH,NATURALGREENHEALTHSOLUTIONS@YAHOO.COM,4056155559,CRESCENT,73028,LOGAN,dispensaries, NATURAL GREEN HEALTH SOLUTIONS
NATURES REMEDY FARMACY LLC ,DAAA-BTLO-I8RW,TWISTEDSIS420@GMAIL.COM,4055316987,CRESCENT,73028,LOGAN,dispensaries, NATURES REMEDY FARMACY
"PING GREEN, LLC ",DAAA-4KID-NSO4,MATT@STACYLEGALGROUP.COM,4058167228,CRESCENT,73028,LOGAN,dispensaries,
CUSHMAN CANNABIS AND COMPANY LLC ,DAAA-NYVV-OUDB,STEVEN@CUSHMANLLC.COM,9183060073,CUSHING,74023,CREEK,dispensaries, CUSHMAN CANNABIS AND COMPANY
EKO WELLNESS LLC ,DAAA-V1B4-KPVT,EKOVAPORS@GMAIL.COM,9183060582,CUSHING,74023,PAYNE,dispensaries, EKO WELLNESS LLC
"GREEN ACRES DISPENSARY, LLC ",DAAA-NKZ7-NIZR,LPINSON69@GMAIL.COM,9189060850,CUSHING,74023,PAYNE,dispensaries," GREEN ACRES DISPESARY, LLC"
CANNABIS THERAPEUTICS LLC ,DAAA-EK9N-XTHT,BOB1684@YAHOO.COM,5806187241,DAVIS,73030,MURRAY,dispensaries, CANNABIS THERAPEUTICS
"EARTHBORN REMEDIES, LLC ",DAAA-VJIY-MUA7,EARTHBORNREMEDIES@YAHOO.COM,5803691314,DAVIS,73030,MURRAY,dispensaries," EARTHBORN REMEDIES, LLC"
AJ AND BDC LLC ,DAAA-NJCS-JC0N,BCHAIRESS@GMAIL.COM,4056308375,DEL CITY,73115,OKLAHOMA,dispensaries, OKLAHOMA KIND CONNECTION
BIG CHEEF DISPENSARY LLC ,DAAA-EJRS-5FMU,DHENRY.1984@GMAIL.COM,4055376859,DEL CITY,73115,OKLAHOMA,dispensaries, DERNYELL HENRY
"BROTHERS INVESTMENT GROUP, LLC ",DAAA-VKTA-MMKT,OKLAHOMABUSINESS1@GMAIL.COM,6192039724,DEL CITY,73115,OKLAHOMA,dispensaries, PRESTIGE CANNABIS CO.
CANNABIS CARE OF OKLAHOMA LLC ,DAAA-411H-UF3O,JASON.FROST03@GMAIL.COM,4054134738,DEL CITY,73115,OKLAHOMA,dispensaries, CANNABIS CARE OF OKLAHOMA
CBK ENTERPRISES LLC ,DAAA-4YOH-2JZD,BHAZECBD@GMAIL.COM,4055350713,DEL CITY,73115,OKLAHOMA,dispensaries, HIGHWAY 2 HEALTH
FREEDOM CANNABIS DISPENSARY LLC ,DAAA-AMIQ-YJWZ,1STEPABOVECLOUD9@GMAIL.COM,4052550553,DEL CITY,73115,OKLAHOMA,dispensaries, FREEDOM CANNABIS DISPENSARY
"HEARTLAND DISPENSARY, LLC ",DAAA-N17M-M8N5,LCASE6@COX.NET,4052033395,DEL CITY,73115,OKLAHOMA,dispensaries, HEARTLAND DISPENSARY
HILEVATION LLC ,DAAA-BKGE-85HZ,HILEVATION@GMAIL.COM,5134315654,DEL CITY,73115,OKLAHOMA,dispensaries, TLC CANNABIS
HILEVATION LLC ,DAAA-EYDU-LAGZ,HILEVATION@GMAIL.COM,5134315654,DEL CITY,73115,OKLAHOMA,dispensaries, TLC CANNABIS
"HOUSE OF RELEAF, LLC ",DAAA-4KRM-ECLA,RONDA.HOUSEOFRELEAF@YAHOO.COM,4058345483,DEL CITY,73115,OKLAHOMA,dispensaries,
LEDD ENTERPRISES INC ,DAAA-41NL-LAFH,TERRI@EMERALDELITETHC.COM,4055055922,DEL CITY,73115,OKLAHOMA,dispensaries, EMERALD ELITE TOTAL HEALTH CARE
MARIJUANA LLC ,DAAA-EKHV-KNQY,MARIJUANALLC@GMAIL.COM,4052012937,DEL CITY,73115,OKLAHOMA,dispensaries, SWEET EUPHORIA
MNVF INC ,DAAA-6KCI-Q8EN,NEKESHAREED@YAHOO.COM,4052050983,DEL CITY,73115,OKLAHOMA,dispensaries, HIGHLIFE DISPENSARY
NATIVE BUDZ LLC ,DAAA-QV1U-RWJK,NATIVEBUDZ@GMAIL.COM,4056005930,DEL CITY,73115,OKLAHOMA,dispensaries, CANNA23
"NATIVE HARVEST, LLC ",DAAA-APMC-B9CD,MARTYL@BIGREDSPORTS.COM,4052346525,DEL CITY,73115,OKLAHOMA,dispensaries, NATIVE HARVEST DISPENSARY
NATIVE LEAF DISPENSARY ,DAAA-4JIK-PXDD,NATIVELEAF@YAHOO.COM,4054106782,DEL CITY,73115,OKLAHOMA,dispensaries, NATIVE LEAF DISPENSARY LLC
RELEAF DISPENSARY LLC ,DAAA-NKT8-E6NU,MYIESHA_MORRISON@YAHOO.COM,4055035475,DEL CITY,73115,OKLAHOMA,dispensaries,
"THE HEAD ZONE, LLC ",DAAA-MWZI-OZ9D,THEHEADZONEOKC73115@GMAIL.COM,4055857053,DEL CITY,73115,OKLAHOMA,dispensaries,
"TJS, LLC ",DAAA-LQ4G-CJDH,SAMMIE177@GMAIL.COM,4059220755,DEL CITY,73115,OKLAHOMA,dispensaries, CANNABIS ISLAND
Z-DISPENSARY LLC ,DAAA-NKRV-RRZK,DR.DUSTINYORK13@GMAIL.COM,4056593752,DEL CITY,73115,OKLAHOMA,dispensaries, Z-DISPENSARY LLC
GREEN MEDICAL PATIENTS LLC ,DAAA-E1LP-CEFC,CHRIS@GREENDOC420.COM,2546308556,DEL CITY,73135,OKLAHOMA,dispensaries, GREENDOCTOR 420
PINK LEAF DISPENSARY LLC ,DAAA-EZPT-3QEF,VICTORIA.DUNN1@GMAIL.COM,9519075866,DEL CITY,73135,OKLAHOMA,dispensaries,
420 ELEVATED LLC ,DAAA-EKCK-WMZA,MISSASHLEYJENNINGS@GMAIL.COM,4057060093,DEL CITY,73115,OKLAHOMA,dispensaries, 420 ELEVATED
"420 SUNSHINE DISPENSARY, LLC ",DAAA-ZAZF-GUWR,FOUR20SUNSHINE@YAHOO.COM,4057685555,DEL CITY,73115,OKLAHOMA,dispensaries," 420 SUNSHINE DISPENSARY, LLC"
GREENTREE MEDICAL LLC ,DAAA-NJWZ-YHVR,GREENTREE357@YAHOO.COM,5802993227,DEVOL,73531,COTTON,dispensaries, ALTERNATIVE MEDICINE
MEDSTATION-I LLC ,DAAA-EY7X-W1TR,SWH@MARKETSTREETSTATIONSALEM.COM,2142021566,DEVOL,73531,COTTON,dispensaries," MEDSTATION-I, LLC"
"BEACH BUM LIFE, LLC ",DAAA-ICAA-JOCP,LLCBEACHBUMLIFE@GMAIL.COM,9186958002,DEWEY,74029,WASHINGTON,dispensaries," BEACH BUM LIFE, LLC"
BIG BUD DISPENSARY INC ,DAAA-VKLI-5F9M,ILIKEBIGBUDSTOO@GMAIL.COM,9189162477,DEWEY,74029,WASHINGTON,dispensaries,
"DANTE VENTURES, INC ",DAAA-U5RY-AOQB,AKBAR.PANJWANI123@GMAIL.COM,2819488425,DEWEY,74029,WASHINGTON,dispensaries, NIRVANA CANNABIS DISPENSARY
"HIGHBLOOM ARTISAN CANNABIS, LLC ",DAAA-EJRS-UUTI,CCRIESS@GMAIL.COM,9188860327,DEWEY,74029,WASHINGTON,dispensaries,
"MYSTIC LEAF, LLC ",DAAA-N1AX-RQXR,MYSTICLEAFOK@GMAIL.COM,3618168444,ALTUS,73521,JACKSON,dispensaries,
"NAC ENTERPRISES, LLC ",DAAA-KXDX-MLLV,ALTUS@CBDPLUSUSA.COM,4058083315,ALTUS,73521,JACKSON,dispensaries, LOTUS GOLD ALTUS
RELEAF WELLNESS CENTER LLC ,DAAA-EJLJ-IVLA,JUSTIN@SOUTHWESTTAX.NET,5804710517,ALTUS,73521,JACKSON,dispensaries,
SCOTT PLATO ,DAAA-12XF-7NG0,DPBESTBUDS@GMAIL.COM,5804814346,ALTUS,73521,JACKSON,dispensaries, DP BEST BUDS MEDICAL MARIJUANA DISPENSARY
"SHADY'S SMOKE SHOP, LLC ",DAAA-4JUR-Y4SJ,SHADYSMOKESHOP@GMAIL.COM,5804810154,ALTUS,73521,JACKSON,dispensaries, SHADY'S SMOKE SHOP
TERRA ROJA PHARMZ LLC ,DAAA-VKHB-6Z4X,TERRAROJAOK@GMAIL.COM,5809701474,ALTUS,73521,JACKSON,dispensaries, TRPZ BUD BOUTIQUE
WOLFPACK BUDS DISPENSARY LLC ,DAAA-BCWH-VUZ6,CHRIS.DOUBLEH@YAHOO.COM,4323056799,ALTUS,73521,JACKSON,dispensaries, WOLFPACK BUDS
420 RIDING DIRTY ENTERPRISE LLC ,DAAA-41KK-CRUL,JAMES@STARBUDS.US,5806821374,ALTUS,73521,JACKSON,dispensaries,
ALVATRAZ CANNABIS COMPANY LLC ,DAAA-U6J3-SKWI,ALVATRAZCANNABIS@GMAIL.COM,5807320038,ALVA,73717,WOODS,dispensaries,
"JOINT PAIN, LLC ",DAAA-EKJH-PKNX,QUIKS62@YAHOO.COM,9407278727,ALVA,73717,WOODS,dispensaries, JOINT PAIN LLC
"HEALING HOPE 2, LLC ",DAAA-8GEM-V1DE,HEALINGHOPE2LLC@GMAIL.COM,5803343570,ALVA,73717,WOODS,dispensaries, NONE
"IGGYS GREEN RUSH #2, LLC ",DAAA-GWPR-QEKU,IGGYSGREENRUSH2@GMAIL.COM,5807474002,ALVA,73717,WOODS,dispensaries,
BEEN THERE MEDICINAL  LLC ,DAAA-NSBZ-VMUX,120.BEENTHERE@GMAIL.COM,4052472221,ANADARKO,73005,CADDO,dispensaries, BEEN THERE MEDICINALS
"NATIVE ROOTZ CANNABIS, INC ",DAAA-ARFD-NGZM,TNJVARNER11@GMAIL.COM,4052451160,ANADARKO,73005,CADDO,dispensaries, NATIVE ROOTZ
PEACE PIPE BROTHERS LLC. ,DAAA-NYQC-DZT6,PEACEPIPEBROS@YAHOO.COM,4054146922,ANADARKO,73005,CADDO,dispensaries, PEACE PIPE BROS
"HUMBOLDT CANNABIS OK, LLC ",DAAA-6PST-G6ZU,JOHNTANNER81@YAHOO.COM,6614355200,DEWEY,74029,WASHINGTON,dispensaries, NONE
VERMILLION KUSH ,DAAA-EJHV-RAAU,VENECIA1010@YAHOO.COM,9189771116,DEWEY,74029,WASHINGTON,dispensaries, VERMILLION KUSH
"NINE ONE EIGHT ELEVATE GRAND LAKE, LLC ",DAAA-31MU-O3TK,JFINK@COYSON.COM,6203303699,DISNEY,74340,MAYES,dispensaries, 918 ELEVATE
918 ELEVATE LLC ,DAAA-EJCT-9IHK,INFO@918ELEVATE.COM,9187607027,DISNEY,74340,MAYES,dispensaries, 918 ELEVATE LLC
BAG OF BONES DISPENSARY ,DAAA-EJCH-ZCZB,ALLHEMP81@GMAIL.COM,4053681987,DOVER,73734,KINGFISHER,dispensaries, BAG OF BONES DISPENSARY
REDFORK STATION DISPENSARY ,DAAA-4KXB-U8SZ,LEAH_KATE_32@YAHOO.COM,4053680802,DOVER,73734,KINGFISHER,dispensaries, REDFORK STATION DISPENSARY
"CANNABIS ALLEY, INCORPORATED ",DAAA-4KTZ-NZSB,STEPHENLANSFORD1971@YAHOO.COM,9182235994,DRUMRIGHT,74030,CREEK,dispensaries,
ELEVATED CARE DISPENSARY LLC ,DAAA-EYAI-AOJY,BILLYSVENDSUM@GMAIL.COM,9183998057,DRUMRIGHT,74030,CREEK,dispensaries, ELEVATED CARE DISPENSARY LLC
BEE'S KNEE'S DISPENSARY LLC ,DAAA-E1XG-5MSN,LACEY.BURTON00@GMAIL.COM,5806412487,DUNCAN,73533,STEPHENS,dispensaries,
BRANDY M MYERS ,DAAA-SP4Q-EZIR,LUCKYSMOMMA1980@GMAIL.COM,5804758998,DUNCAN,73533,STEPHENS,dispensaries, MEDICALLY ELEVATED DISPENSARY
ELEVATE ORGANICS LLC ,DAAA-EJXG-CR7D,ELEVATEMMJ@YAHOO.COM,9704034377,DUNCAN,73533,STEPHENS,dispensaries, ELEVATE ORGANICS LLC
FOLKLORE CANNABIS LLC ,DAAA-KYZW-BNJC,BOUTCHER88@GMAIL.COM,4053087421,DUNCAN,73533,STEPHENS,dispensaries, STONEYS
FREEDOM LEAF LLC ,DAAA-4KDO-WGTE,RICKI@ELECTRALEAF.COM,4847975950,DUNCAN,73533,STEPHENS,dispensaries, ELECTRALEAF
GREENER LEAF WELLNESS ,DAAA-NGLF-CFTD,GREENERLEAFOK@GMAIL.COM,5802510394,DUNCAN,73533,STEPHENS,dispensaries, GREENER LEAF WELLNESS
HEAVEN SCENT HEALTH AND WELLNESS INC. ,DAAA-EKEL-5AJZ,HEAVENSCENTOK580@GMAIL.COM,5804673590,DUNCAN,73533,STEPHENS,dispensaries, HEAVEN SCENT HEALTH AND WELLNESS
MISTER MARY JANE LLC ,DAAA-EYHY-RZFY,JACOBI_CCC@YAHOO.COM,5804675909,DUNCAN,73533,STEPHENS,dispensaries,
OKLAHOMA NATIVE ROOTS HEALTH AND WELLNESS LLC ,DAAA-VYAX-5NNV,NATIVEROOTS420@YAHOO.COM,5805124000,DUNCAN,73533,STEPHENS,dispensaries, OKLAHOMA NATIVE ROOTS
PLANT RX LLC ,DAAA-E19N-J1RY,BINSWORTH@CBDPLUSUSA.COM,5806786629,DUNCAN,73533,STEPHENS,dispensaries, CBD PLUS USA
"VENTURE WISE ENTERPRISES, LLC ",DAAA-NJNK-WMDO,ALSTON05@GMAIL.COM,5805609674,DUNCAN,73533,STEPHENS,dispensaries, CANNAWISE
"BIG CHIEF COLLECTIVE 3, LLC ",DAAA-LKV1-AWG9,JASON.MILLER9271@GMAIL.COM,5806786795,DUNCAN,73533,STEPHENS,dispensaries,
5609 DUNCAN LLC ,DAAA-TUOW-BL7D,MASONBRIANNE3@GMAIL.COM,4056699138,DUNCAN,73533,STEPHENS,dispensaries, KUSH GARDENS
B & B ALTERNATIVES LLC ,DAAA-V1OQ-I54K,DUSTIN@REMEDYDURANT.COM,5803072640,DURANT,74701,BRYAN,dispensaries, THE REMEDY
BBC VENTURES INC ,DAAA-EKKV-WFIK,BRENDA@BBCVENTURES.NET,7022340385,DURANT,74701,BRYAN,dispensaries, TWISTED NUGZ
BIGFOOT BUDZ LLC ,DAAA-UBVY-OYY4,BBRULE1@YAHOO.COM,8139436910,DURANT,74701,BRYAN,dispensaries, BIGFOOT BUDZ LLC
"DAGGA ENTERPRISES,  LLC ",DAAA-VKWY-KI5L,OJSHEMP@GMAIL.COM,5803804613,DURANT,74701,BRYAN,dispensaries, CANNA STOP
ELEVATE RX LLC ,DAAA-NY37-IDFC,ELEVATERX@GMAIL.COM,4699698616,DURANT,74701,BRYAN,dispensaries,
HAPPY HEMP LLC ,DAAA-VJMB-DH0D,ADMIN@CANNATEXSOLUTIONS.COM,5807484572,DURANT,74701,BRYAN,dispensaries,
K & B JOINT VENTURES LLC ,DAAA-VJIZ-SF5V,KIMBERLYBIBERSTEIN@GMAIL.COM,3163933066,DURANT,74701,BRYAN,dispensaries, HERBAN PHARMHOUSE
LEVITATE INDUSTRIES LLC ,DAAA-WN3J-Y173,RAY@LEVITATEINDUSTRIES.COM,5809208628,DURANT,74701,BRYAN,dispensaries, LEVITATE INDUSTRIES LLC
"LIVWELL MEDS, LLC ",DAAA-4YQ7-Q4F8,MCCARTHICKCASEY@GMAIL.COM,4058634904,DURANT,74701,BRYAN,dispensaries," LIVWELL MEDS, LLC"
"NATURE'S OWN REMEDIES, LLC ",DAAA-N16K-5IFF,KAREN@NATURESOWNREMEDIES.NET,7132774323,DURANT,74701,BRYAN,dispensaries, NATURE'S OWN REMEDIES
"NLIGHTN DISPENSARY, INC. ",DAAA-4KC1-BOF7,MARISA@NLIGHTNCANNABIS.COM,9036474512,DURANT,74701,BRYAN,dispensaries, NLIGHTN CANNABIS COMPANY
ORGANIC MEDS LLC ,DAAA-4KPI-PI8I,ERIKESTESJENKINS@GMAIL.COM,2146827648,DURANT,74701,BRYAN,dispensaries,
"ORGANIC WELLNESS, LLC ",DAAA-EK60-0I0A,STASHIAJ@GMAIL.COM,2147279005,DURANT,74701,BRYAN,dispensaries," ORGANIC WELLNESS, LLC"
RVSB ENTERPRISES LLC ,DAAA-NJZR-GIQV,BARKERENTERPRISES420@GMAIL.COM,4054317677,DURANT,74701,BRYAN,dispensaries, LOTUS GOLD
S AND B CANNABIS LLC ,DAAA-6GRD-DC7Z,S.SMOTHERS@HOTMAIL.COM,5802309477,DURANT,74701,BRYAN,dispensaries, BARE NAKED BUDS
"SHREE SHIVAM, INC. ",DAAA-E1JZ-MY2H,AMERICANSMOKESHOP788@GMAIL.COM,5166431315,DURANT,74701,BRYAN,dispensaries, AMERICAN SMOKE SHOP
SWEET LEAF FARMACY ,DAAA-V1C1-I6SP,MICHELLDBA4351@ATT.NET,9038185049,DURANT,74701,BRYAN,dispensaries,
T-N-T TRADING LLC ,DAAA-NJRP-UMZA,TNTCORP.ATM@GMAIL.COM,9036470645,DURANT,74701,BRYAN,dispensaries, TRUMED
THE GREEN REEF INC ,DAAA-N1YK-GGUX,BRENDA@THEGREENREEF.COM,7022340385,DURANT,74701,BRYAN,dispensaries, THE GREEN REEF INC
THE YELLOW HOUSE DISPENSARY ,DAAA-VKDK-TCAA,CHUCK_BRAUN@HOTMAIL.COM,4058307682,DURANT,74701,BRYAN,dispensaries, THE YELLOW HOUSE DISPENSARY
"TREEHOUSE PARADISE, LLC ",DAAA-NY2K-YNJS,M.DEPRIEST24@GMAIL.COM,6825527577,DURANT,74701,MARSHALL,dispensaries,
WEEDMEN ,DAAA-4JPF-KJHD,DUSTINA4364@GMAIL.COM,5807754364,DURANT,74701,BRYAN,dispensaries, WEEDMEN
WENDELL MICHAEL MURPHREE ,DAAA-P7A2-4N4S,TTOMBRIGGS1@AOL.COM,5803808086,DURANT,74701,BRYAN,dispensaries, BUD BARN
"WHITE ASH, LLC ",DAAA-NY6N-FR18,KEITH@POH.LLC,5809801848,DURANT,74701,BRYAN,dispensaries,
"ANNABIS, LLC ",DAAA-EJ8P-RIKU,MATT@STACYLEGALGROUP.COM,4058167228,EARLSBORO,74840,SEMINOLE,dispensaries,
OKIE KUSH FARM LLC ,DAAA-MUQP-MP2I,OKIEKUSH@YAHOO.COM,3053459174,EARLSBORO,74840,POTTAWATOMIE,dispensaries, OKIE KUSH FARM LLC
"ROCKWELL INDUSTRIES, LLC ",DAAA-LYAN-FEQH,A546267426@GMAIL.COM,6463278150,EARLSBORO,74840,SEMINOLE,dispensaries,
"ABIDE CANNABIS COMPANY, LLC ",DAAA-IMQ4-4IOC,STEVE@ABIDE420.COM,9729773373,EDMOND,73003,OKLAHOMA,dispensaries,
"CANNA SOLUTIONS, LLC ",DAAA-EKMT-RHVK,CALEB@VAPORSAP.COM,4053392836,EDMOND,73003,OKLAHOMA,dispensaries, BOGO'S DISPENSARY
"EDEN PHARMACEUTICALS EDMOND, LLC ",DAAA-ORZH-RV1B,MICAHAYS12@GMAIL.COM,4055842091,EDMOND,73003,OKLAHOMA,dispensaries, EDEN PHARMACEUTICALS EDMOND
"FADED MINDS, LLC ",DAAA-IJ7M-3Z2A,JTBLANCOE@HOTMAIL.COM,5623207123,EDMOND,73003,OKLAHOMA,dispensaries," FADED MINDS, LLC"
"FRONTIER MEDICINE, LLC ",DAAA-NKWV-S954,FRONTIERMEDICINELLC@GMAIL.COM,8609843597,EDMOND,73003,OKLAHOMA,dispensaries,
MIDWEST CURES ,DAAA-VJOS-SLOR,DANARGOE@YAHOO.COM,4059062113,EDMOND,73003,OKLAHOMA,dispensaries, MIDWEST CURES
MIRACLE MEDS LLC ,DAAA-VYTF-RZW5,SWANSONS84@HOTMAIL.COM,9703196123,EDMOND,73003,OKLAHOMA,dispensaries, MIRACLE MEDS
"NATIVE CANNABIS COMPANY, LLC ",DAAA-UHMY-OJ4Q,KYLE@NATIVE-CANNABIS.COM,4055148154,EDMOND,73003,OKLAHOMA,dispensaries, NATIVE CANNABIS COMPANY
OKLAHOMA COUGHY CO. LLC ,DAAA-EJPF-SWX7,KENDALLSLABAUGH@GMAIL.COM,5802362391,EDMOND,73003,OKLAHOMA,dispensaries, OKLAHOMA COUGHY COMPANY
"REMEDY GOODS, LLC ",DAAA-NKVO-M0N0,CHRIS.MCELROY.10@GMAIL.COM,4056257886,EDMOND,73003,OKLAHOMA,dispensaries, BRIGHTER DAYS DISPENSARY
SERENITY HEALTH LLC II ,DAAA-N1P2-XTTQ,SERENITYHEALTH20182@OUTLOOK.COM,4058859306,EDMOND,73003,OKLAHOMA,dispensaries, EDMOND DISPENSARY - EDMOND ROAD & SANTE FE DEPOT
SHOWDOWN ENTERPRISES LLC ,DAAA-4K9F-Q4UK,RICKI@ELECTRALEAF.COM,4847975950,EDMOND,73003,OKLAHOMA,dispensaries, ALTVM
VICE CAPITAL DISPENSARY LLC ,DAAA-SLRD-DZDV,RYAN.VICE@ICLOULD.COM,4057407926,EDMOND,73003,OKLAHOMA,dispensaries, CBD PLUS USA
CREEK MEDICAL LLC ,DAAA-N1PG-B7JZ,ASULLY1104@GMAIL.COM,4052133655,EDMOND,73012,OKLAHOMA,dispensaries, CBD PLUS USA
"HOPES AND GREENS, LLC ",DAAA-4KI2-HTEK,CARLA@HOPESANDGREENS.COM,4052439398,EDMOND,73012,OKLAHOMA,dispensaries, HOPES AND GREENS
SOUTHERN LIGHTS WELLNESS LLC ,DAAA-4YH3-BULL,RYAN@SOUTHERNLIGHTSWELLNESS.COM,9703710660,EDMOND,73012,OKLAHOMA,dispensaries, SOUTHERN LIGHTS WELLNESS
ANCIENT REMEDIES LLC ,DAAA-N13F-3TF8,SHEBOSSES@ANCIENTREMEDIESOK.COM,4056696161,EDMOND,73013,OKLAHOMA,dispensaries,
BLESSED GARDENS LLC ,DAAA-PUFN-PBNS,LAWRENCEPINSON@GMAIL.COM,7257778202,EDMOND,73013,OKLAHOMA,dispensaries,
"CANNVEST GROUP, LLC ",DAAA-E15X-DIKI,ASTROBUD19@GMAIL.COM,2489616160,EDMOND,73013,OKLAHOMA,dispensaries, MANGO CANNABIS
CTF CANNABIS COMPANY LLC ,DAAA-4KI7-ZROV,CARL.TOMCZAK@GMAIL.COM,4059218402,EDMOND,73013,OKLAHOMA,dispensaries, SOUTHERN BUDS CANNABIS COMPANY
DREAM ROOTZ LLC ,DAAA-V1XJ-AA8M,DREAMROOTZLLC@GMAIL.COM,9049820254,EDMOND,73013,OKLAHOMA,dispensaries, DREAM ROOTZ LLC
ERKS LLC ,DAAA-EJKA-KO9V,EDWARDPOOLE88@ME.COM,4054203937,EDMOND,73013,OKLAHOMA,dispensaries, THE CANNABIS REFINERY
GOOD PEOPLE INVESTMENTS LLC ,DAAA-VKVI-IHFV,BESTJOINTINTOWN@GMAIL.COM,9703095760,EDMOND,73013,OKLAHOMA,dispensaries, STASH CANNABIS COMPANY
GREEN HEALTH CLINIC LLC ,DAAA-N1K2-BGCU,INFO@KSAHOLDINGSOK.COM,4054439711,EDMOND,73013,OKLAHOMA,dispensaries, GREEN HEALTH CLINIC LLC
GREEN MEDICAL PATIENTS LLC ,DAAA-N1IB-LWNW,CPARK@M2PCS.COM,4055510812,EDMOND,73013,OKLAHOMA,dispensaries, GREENDOCTOR420
GREEN MEDICAL PATIENTS LLC ,DAAA-EKAL-TBZA,CHRIS@GREENDOC420.COM,2546308556,EDMOND,73013,OKLAHOMA,dispensaries, GREENDOCTOR 420
"GREEN SPRINGS RETAIL, LLC ",DAAA-VJV4-F2SZ,BLAIR.NAIFEH@GMAIL.COM,4059244240,EDMOND,73013,OKLAHOMA,dispensaries, GREEN SPRINGS OKLAHOMA
"HERBAN APOTHECARY, INC. ",DAAA-VKZM-CTY5,JFRANE@OUTLOOK.COM,7194805039,EDMOND,73013,OKLAHOMA,dispensaries, HERBAN APOTHECARY
KALI GIRL LLC ,DAAA-V1DB-XQPR,JFPRIMEOKC@YAHOO.COM,4059239734,EDMOND,73013,OKLAHOMA,dispensaries, UWD
NICE LEAF LLC ,DAAA-SZLJ-FLFV,REZAFAZEL1894TEH@YAHOO.COM,4052408391,EDMOND,73013,OKLAHOMA,dispensaries, ZIGGYZ PLUS
RISING ALTITUDE LLC ,DAAA-NJOS-1D5V,CRAFTCCO@GMAIL.COM,4054146275,EDMOND,73013,OKLAHOMA,dispensaries, CRAFT CANNABIS COMPANY
"SP1112, LLC ",DAAA-EJWL-CYZS,JFD711@GMAIL.COM,2488849254,EDMOND,73013,OKLAHOMA,dispensaries, CAPITAL DANK
THE BOTANY LIMITED COMPANY ,DAAA-E7WU-TZ8Z,THEBOTANYOKC@ICLOUD.COM,4059683354,EDMOND,73013,OKLAHOMA,dispensaries, THE BOTANY
TOP CHOICE ENTERPRISE LLC ,DAAA-VJZG-OJR0,JB@TOPCHOICECANNABIS.NET,2063211814,EDMOND,73013,OKLAHOMA,dispensaries, TOP CHOICE CANNABIS LLC
GREAT PLAINS EXTRACTS LLC ,DAAA-OFOT-ONVB,ROBER@ARCADIABRANDS.COM,9188591374,EDMOND,73025,LOGAN,dispensaries, GREAT PLAINS EXTRACTS
"DCE PRIME, LLC ",DAAA-VJ8I-P3HK,KMALAVE@COX.NET,5126359853,EDMOND,73034,LOGAN,dispensaries, CBD PLUS USA
DYMOND DISPENSARY LLC ,DAAA-WUMP-RKUP,RYDY0428@GMAIL.COM,5802516377,EDMOND,73034,LOGAN,dispensaries,
FIRE RANCH FARMACY LLC ,DAAA-4YEB-1VXX,JASONDCUNNINGHAM@HOTMAIL.COM,4058235114,EDMOND,73034,LOGAN,dispensaries, FIRE RANCH FARMACY
GET BAK'D OKC LLC ,DAAA-NYJ9-ABA6,GETBAKDOKC@GMAIL.COM,4056969460,EDMOND,73034,OKLAHOMA,dispensaries, GET BAK'D OKC
GRAM CENTRAL STATION DISPENSARY LLC ,DAAA-VKX9-FIN1,CLBSTYLES@YAHOO.COM,4053617638,EDMOND,73034,OKLAHOMA,dispensaries, GRAM CENTRAL STATION DISPENSARY LLC
HIGHEST RELEAF DISPENSARY LLC ,DAAA-4K8Y-YVN7,DRSIMILLY@GMAIL.COM,4056750072,EDMOND,73034,OKLAHOMA,dispensaries, HIGHEST RELEAF DISPENSAY
JACKSON ROOTS LLC ,DAAA-BDYN-YFXC,CHALES@JACKSON-ROOTS.COM,4052836626,EDMOND,73034,LOGAN,dispensaries, JACKSON ROOTS LLC
MODERN SERRA LLC ,DAAA-4KCM-OL5H,MODERNSERRA@GMAIL.COM,4052165810,EDMOND,73034,OKLAHOMA,dispensaries, MODERN SERRA LLC
"MR. GREEN, LLC ",DAAA-N1RS-YJGW,ARABRITO0788.AB@GMAIL.COM,4058218366,EDMOND,73034,OKLAHOMA,dispensaries,
"NATIVE BROTHERS DISPENSARY OF EDMOND, LLC ",DAAA-KCO3-RQ9M,NATIVEBROTHERSDISPENSARY@GMAIL.COM,4054796495,EDMOND,73034,OKLAHOMA,dispensaries,
"NATIVE REMEDY, LLC ",DAAA-EKOR-Q9JU,CHELSEA.DOUGHTY@GMAIL.COM,4055035627,EDMOND,73034,OKLAHOMA,dispensaries, NATIVE REMEDY
"OKLADISPO FOX LAKE, LLC ",DAAA-NJQW-8IQS,BLAKE@THEPEAKOK.COM,4054337370,EDMOND,73034,OKLAHOMA,dispensaries, THE PEAK EDMOND DISPENSARY
ORIGINS CANNABIS OKLAHOMA LLC ,DAAA-E1SX-1JEK,JON@ORIGINSCORPORATE.COM,2069159212,EDMOND,73034,OKLAHOMA,dispensaries,
SERENITY HEALTH LLC ,DAAA-NJ99-XLLY,SERENITYHEALTH2018@OUTLOOK.COM,4058859306,EDMOND,73034,OKLAHOMA,dispensaries, EDMOND DISPENSARY - 11TH & BROADWAY DEPOT
SUGAR LEAF LLC ,DAAA-41SI-ZOZZ,JRJOHN2002@GMAIL.COM,3168060001,EDMOND,73034,OKLAHOMA,dispensaries, CALI ROOTS
THC PLUS CANNABIS DISPENSARY LLC ,DAAA-EY6S-EII0,THCPLUSMONKEY@GMAIL.COM,4055349590,EDMOND,73034,LOGAN,dispensaries, THC PLUS CANNABIS DISPENSARY
THE GATEWAY CBD & DISPENSARY LLC. ,DAAA-V1UZ-WCSY,GATWAYCBD@GMAIL.COM,4059228856,EDMOND,73034,OKLAHOMA,dispensaries, THE GATEWAY CBD & DISPENSARY LLC.
THE PEAK DISPENSARY LLC ,DAAA-EK4Q-RMBD,NLARSON3001@GMAIL.COM,9188012569,EDMOND,73034,OKLAHOMA,dispensaries, LIKEWISE CANNABIS
TIGHT EYEZ ,DAAA-E1AA-MHMB,DIRKALLENJR@ICLOUD.COM,4055439155,EDMOND,73034,OKLAHOMA,dispensaries, TIGHT EYEZ
"BROTHERS RETAIL 1, LLC ",DAAA-N1MR-QH4Z,OKLAHOMABUSINESS1@GMAIL.COM,6192039724,EDMOND,73013,OKLAHOMA,dispensaries, PRESTIGE CANNABIS
ALTCARE 1 LLC ,DAAA-EKM2-OCPB,TYLERDOOLITTLE@ME.COM,4054884149,EDMOND,73034,OKLAHOMA,dispensaries, FIRE LEAF
"GREEN SUPREME MEDICAL MARIJUANA DISPENSARY 2, LLC ",DAAA-KO65-KUJO,GREENSUPREME2020@GMAIL.COM,4054206370,EDMOND,73034,LOGAN,dispensaries, GREEN SUPREME 2
CANNABLESS RETAIL 19 LLC ,DAAA-JYPZ-GX7A,LEGAL@CANNABLESS.CO,4056354814,EDMOND,73034,OKLAHOMA,dispensaries, CANNABLESS RETAIL 19 LLC
46 RELEAF NO 1 INC ,DAAA-N1HR-HCCQ,46RELEAFNO1@GMAIL.COM,4053610995,EDMOND,73013,OKLAHOMA,dispensaries,
"HIGHBLOOM ARTISAN CANNABIS RT. 66, LLC ",DAAA-QZMW-BEA2,TROJANOWSKI3@AOL.COM,9046228221,EDMOND,73034,OKLAHOMA,dispensaries, HIGHBLOOM ARTISAN CANNABIS
13801 N WESTERN LLC ,DAAA-NYCR-ZBCU,INFO@OKIEKUSHCLUB.COM,5806341518,EDMOND,73013,OKLAHOMA,dispensaries, OKIE KUSH CLUB
B6 MEDICAL DISPENSARY LLC ,DAAA-VYPX-9B1I,GREGBUGAJ@YAHOO.COM,4057190313,EL RENO,73036,CANADIAN,dispensaries, B6 MEDICAL DISPENSARY LLC
BRANDI JO ENTERPRISES INC ,DAAA-6HNR-IYXC,THUMPER0171@YAHOO.COM,5807294566,EL RENO,73036,CANADIAN,dispensaries, DANK TANK
CHIEF CANNABIS LLC ,DAAA-FWXL-6JEM,CANNABIS2019@YAHOO.COM,4052609300,EL RENO,73036,CANADIAN,dispensaries, LOUD CLOUD
GREEN BUFFALO ENTERPRISES LLC ,DAAA-419B-NIGZ,THEGREENBUFFALOLLC@GMAIL.COM,4055899270,EL RENO,73036,CANADIAN,dispensaries, THE GREEN BUFFALO CANNABIS COMPANY
"HERBAN WELLNESS, LLC (DBA THE GRASS STATION) ",DAAA-41SJ-A1FJ,ASH@HANDLEYLAW.COM,4052951924,EL RENO,73036,CANADIAN,dispensaries," HERBAN WELLNESS, LLC (DBA THE GRASS STATION)"
HIRB LIMITED LIABILITY COMPANY ,DAAA-EK3Q-BSA6,JULIENEWPORT3@YAHOO.COM,4056509203,EL RENO,73036,CANADIAN,dispensaries, ROOT 66 DISPENSARY
MATHEWS ENTERPRISES MEDICAL LLC ,DAAA-VJYK-0W9W,SHAWNPMH88@GMAIL.COM,4054732662,EL RENO,73036,CANADIAN,dispensaries, CBD PLUS USA
MIDWEST DISPENSARY OF OKLAHOMA LLC ,DAAA-4JLA-1LVC,MIDWESTWELLNESS@YAHOO.COM,4052066848,EL RENO,73036,CANADIAN,dispensaries, MIDWEST DISPENSARY
HEY BUDDYS LLC ,DAAA-NJQE-5KH0,FNGARRISON1992@GMAIL.COM,5804836804,ELGIN,73538,COMANCHE,dispensaries, HEY BUDDYS LLC
"MCDONALD FAMILY ENTERPRISES,  LLC ",DAAA-NK5F-VCQO,URBANBLOOM0420@GMAIL.COM,5806958552,ELGIN,73538,COMANCHE,dispensaries, URBAN BLOOM
NATIVE BUDZ DISPENSARY LLC ,DAAA-KQ1C-ARNO,THURMAN.FREEMAN32@GMAIL.COM,5806580129,ELGIN,73538,COMANCHE,dispensaries, NATIVE BUDZ DISPENSARY LLC
RED STATE HARVESTERS LLC ,DAAA-EJK2-N5DS,DJHUTS@YAHOO.COM,5806950197,ELGIN,73538,COMANCHE,dispensaries,
SPARK CANNABIS CO. ,DAAA-CIOR-4UCD,SPARKELGIN1@GMAIL.COM,4055016795,ELGIN,73538,COMANCHE,dispensaries, SPARK CANNABIS CO.
"DANK DAWG, LLC ",DAAA-E1B0-MS7B,DANKDAWG8@GMAIL.COM,5803038240,ELK CITY,73644,BECKHAM,dispensaries,
GREEN HEALER LLC ,DAAA-4KVQ-OOM8,BIDNESS806@HOTMAIL.COM,5803745727,ELK CITY,73644,BECKHAM,dispensaries,
HE-SHENG LLC ,DAAA-XMXU-CHEN,MATT@STACYLEGALGROUP.COM,4057353800,ELK CITY,73644,BECKHAM,dispensaries, HE-SHENG LLC
THE NATURAL WAY LLC ,DAAA-VJKD-VICO,LANCE_BROOKS2007@YAHOO.COM,5802438241,ELK CITY,73644,BECKHAM,dispensaries, NATURAL WAY DISPENSARY
WEBB WELLNESS INC ,DAAA-4YIM-LDQE,WEBBWELLNESS66@GMAIL.COM,5808214656,ELK CITY,73644,BECKHAM,dispensaries, HEMP HILL DISPENSARY
420 FARMACY LLC ,DAAA-4JNB-ASJD,THOMAS-JENN@CABLEONE.NET,5807990714,ELK CITY,73644,BECKHAM,dispensaries,
"GRANNY BUDS, LLC ",DAAA-EE9U-ICQC,STROGLIN@COX.NET,4054643959,ELMORE CITY,73433,GARVIN,dispensaries," GRANNY BUDS, LLC"
SNOW GROWN DISPENSARY LLC ,DAAA-YOQF-BEJ1,SNOWGROWNDISPENSARY@GMAIL.COM,4053310464,ELMORE CITY,73433,GARVIN,dispensaries, SNOW GROWN DISPENSARY LLC
"VC GREEN, LLC ",DAAA-EKLV-OU1I,MATT@STACYLEGALGROUP.COM,4058167228,ELMORE CITY,73433,GARVIN,dispensaries, VC GREEN LLC
"B&B'S EMPIRE, LLC ",DAAA-EY1V-ZNR4,UFC9001@YAHOO.COM,5802378289,ENID,73701,GARFIELD,dispensaries, HEMPIRE DISPENSARY
BRANSCUM ENTERPRISES LLC ,DAAA-E1ED-LUTC,FLIPPINFARMSLLC@GMAIL.COM,2252532267,ENID,73701,GARFIELD,dispensaries, FLIPPIN FARMS
"CBD BOUTIQUE, LLC ",DAAA-EKQY-MHQK,CJMARTIN1972@AOL.COM,5805547909,ENID,73701,GARFIELD,dispensaries, WELLNESS CENTER OF ENID
HERB HOUSE DISPENSARY LLC ,DAAA-NKYT-6GLH,JOHN.HERBHOUSE@GMAIL.COM,5807476306,ENID,73701,GARFIELD,dispensaries, HERB HOUSE DISPENSARY
NATURAL REMEDIES MMJ LLC ,DAAA-EYJQ-PQ9V,WBMELISSA@YAHOO.COM,5807474494,ENID,73701,GARFIELD,dispensaries, NATURAL REMEDIES MMJ LLC
SOUL SISTERS WELLNESS LLC ,DAAA-EJV7-SEOD,BROOKETINNIE@GMAIL.COM,5809777231,ENID,73701,GARFIELD,dispensaries, SOUL SISTERS DISPENSARY
THE DANK HOUSE LLC ,DAAA-S5II-MYPT,LORENZOTROY3@GMAIL.COM,5804026786,ENID,73701,GARFIELD,dispensaries,
THE RELAXATION STATION DISPENSARY LLC ,DAAA-6RRE-N2W5,GEORGIANASPEARMAN@HOTMAIL.COM,5805992841,ENID,73701,GARFIELD,dispensaries, THE RELAXATION STATION DISPENSARY LLC
TWISTED EXTRACTS LLC ,DAAA-VKCN-VVFB,MASONBRIANNE3@GMAIL.COM,4056691938,ENID,73701,GARFIELD,dispensaries, KUSH GARDENS
"CANNA-FLOW, LLC ",DAAA-E1KJ-PMCU,DKANG81@GMAIL.COM,5804786347,ENID,73703,GARFIELD,dispensaries," CANNA-FLOW, LLC"
CREATIVE IGNITION LLC ,DAAA-VY9W-UROV,FIRE.HOUSE.OKLLC@GMAIL.COM,5804782533,ENID,73703,GARFIELD,dispensaries, CREATIVE IGNITION
DANK TIMBER CANNABIS CO. ,DAAA-EOGH-NOHK,DANFUGAZZI@AOL.COM,5806034739,ENID,73703,GARFIELD,dispensaries, DANK TIMBER
DAVID MARDIS ,DAAA-NJPN-IPAW,MARDISDAVID@HOTMAIL.COM,9702868814,ENID,73703,GARFIELD,dispensaries, DUGOUT MMJ DISPENSARY
GREEN SEED CANNABIS COMPANY LLC ,DAAA-NYEZ-9HV9,GREENSEEDCANNABIS@GMAIL.COM,5802971173,ENID,73703,GARFIELD,dispensaries, GREEN SEED CANNABIS COMPANY LLC.
"M. JOY, LLC ",DAAA-Y5MO-IQTR,MJOYDISPESARY@GMAIL.COM,5806030585,ENID,73703,GARFIELD,dispensaries,
NEWGENICS MARKETING LLC ,DAAA-YFPA-ZWGU,OPERATIONS@NEWGENICSLLC.COM,5804782814,ENID,73703,GARFIELD,dispensaries, HYDRALUX
THE LITTLE CANNABIS COMPANY LLC ,DAAA-NYCN-EH3K,ENIDCANNABISCO@GMAIL.COM,4052047384,ENID,73703,GARFIELD,dispensaries,
"THE POWER PLANT DISPENSARY, LLC ",DAAA-XZ8V-OJPZ,POWERPLANTENID@OUTLOOK.COM,8082804301,ENID,73703,GARFIELD,dispensaries, THE POWER PLANT
THINK GREEN DISPENSARY LLC ,DAAA-EK0S-HSQF,THINKGREENDISPENSARY.COM@OUTLOOK.COM,5803669600,ENID,73703,GARFIELD,dispensaries, THINK GREEN DISPENSARY LLC
SPARK CANNABIS CO. ,DAAA-KKUI-OYGQ,SPARK_LAWTON@HOTMAIL.COM,4055016795,ANADARKO,73005,CADDO,dispensaries, SPARK CANNABIS CO.
BEE HIGHVE LLC ,DAAA-NJPS-1XJD,KYLEONARD13@GMAIL.COM,4055742622,ANADARKO,73042,CADDO,dispensaries, KYLE LEONARD
BETTER HEALTH OILS AND SUPPLEMENTS INC. ,DAAA-4JXJ-ND5S,STEVELBEVILL@GMAIL.COM,5802987905,ANTLERS,74523,PUSHMATAHA,dispensaries, BETTER HEALTH OILS & SUPPLEMENTS INC.
GOOD CROPS DISPENSARY LLC ,DAAA-EKPG-RPJM,INFO@GOODCROPSOK.COM,4698672408,ANTLERS,74523,PUSHMATAHA,dispensaries, GOOD CROPS
GREEN SUNSET LLC ,DAAA-41FX-WMJW,GREENSUNSETLLC@OUTLOOK.COM,5809828466,ANTLERS,74523,PUSHMATAHA,dispensaries,
20 ANTLERS FARM GROUP LLC ,DAAA-QBMS-VDGE,MATT@STACYLEGALGROUP.COM,4058167228,ANTLERS,74523,CHOCTAW,dispensaries,
"SOUTHERN PLAINS PROCESSING, LLC ",DAAA-41ZP-SHYN,TJASPER@SPP-OK.COM,2144929962,APACHE,73006,CADDO,dispensaries,
SEVEN 8 NINE DISPENSARY LLC ,DAAA-UOKY-XXU0,SEVEN8NINEDISPENSARY@GMAIL.COM,5805833889,APACHE,73006,CADDO,dispensaries,
MED SHED INC. ,DAAA-41AY-C4P5,INFO@MED-SHED.COM,8018078918,ARAPAHO,73620,CUSTER,dispensaries, MED SHED INC.
MEDICANN-OK ARCADIA ,DAAA-4KMP-SIBZ,TINA.MEDICANNOK@GMAIL.COM,4054645554,ARCADIA,73007,LOGAN,dispensaries, MEDICANN-OK ARCADIA
"A&WHPMD, LLC ",DAAA-410C-MC5W,JAYMASHLEY@YAHOO.COM,5802160901,ARDMORE,73401,CARTER,dispensaries, CBD PLUS USA
ADVANCED CANNABIS CARE LLC ,DAAA-4KSY-WMN4,THOM5877@STUDENT.MSCOK.EDU,5806304590,ARDMORE,73401,CARTER,dispensaries, ADVANCED CANNABIS CARE LLC
ARBUCKLE FLOWER MEDICAL DISPENSARY LLC ,DAAA-N1NW-NJTG,ARBUCKLEFLOWER@GMAIL.COM,5802159845,ARDMORE,73401,CARTER,dispensaries, ARBUCKLE FLOWER
"ARDMORE CANNABIS CONSOLIDATION, LLC ",DAAA-NYYN-QJSV,CHRISMC975@YAHOO.COM,2817336354,ARDMORE,73401,CARTER,dispensaries, RED RIVER PHARMS
"CALI CLOUDS, LLC ",DAAA-VK7E-XOM8,BRIDGEMON.STEPHEN@HOTMAIL.COM,5106316700,ARDMORE,73401,CARTER,dispensaries, CALI CLOUDS
URBN ROOTS INC ,DAAA-H31W-6WA7,SALES@URBNROOTS.COM,5805484895,ENID,73703,GARFIELD,dispensaries, URBN ROOTS
URBN ROOTS INC. ,DAAA-VJL9-MBWH,SALES@URBNROOTS.COM,5805484608,ENID,73703,GARFIELD,dispensaries, URBN ROOTS
"19EK82 INVESTMENTS, LLC ",DAAA-LR2J-NOD6,GRANDAVEHAZE@GMAIL.COM,4056130962,ENID,73701,GARFIELD,dispensaries, GRAND AVE. HAZE
921 ENID LLC ,DAAA-OAAF-6ZEY,MASONBRIANNE3@GMAIL.COM,4056691938,ENID,73703,GARFIELD,dispensaries, KUSH GARDENS STORE 9
THE CANNABIS CAFE ,DAAA-E16D-FXTL,C.CARPENTER@PROIL.US,5802438894,ERICK,73645,BECKHAM,dispensaries, THE CANNABIS CAFE
"XING GREEN, LLC ",DAAA-VYYI-COJH,MATT@STACYLEGALGROUP.COM,4058167228,ERICK,73645,BECKHAM,dispensaries,
PAPER PLANES LLC ,DAAA-VJYZ-MPWC,THEHALLWAY999@GMAIL.COM,3167087267,EUCHA,74342,DELAWARE,dispensaries, REFINED FLOWER OF EUCHA
"ESCALATED GREENS DISPENSARY, INC ",DAAA-4YH6-NPEP,ANGEL@WACDR.COM,4052501070,EUFAULA,74432,MCINTOSH,dispensaries,
FUNKY MONKEY CANNABIS LLC ,DAAA-N1MM-RFVO,CME4GUNS@GMAIL.COM,4054067841,EUFAULA,74432,MCINTOSH,dispensaries, FUNKY MONKEY CANNABIS LLC
"GREEN RUSH HOLDINGS, LLC ",DAAA-VJ15-F29N,GREENRUSHHOLDINGSLLC@GMAIL.COM,9186182262,EUFAULA,74432,PITTSBURG,dispensaries,
GREEN RUSH VENTURES LLC ,DAAA-YWEK-2GQT,GREENRUSHPROCESSINGLLC@GMAIL.COM,9186182262,EUFAULA,74432,PITTSBURG,dispensaries,
HEAD SHOP ,DAAA-N1IT-DFMW,TOMMYJLEWIS@GMAIL.COM,9182848002,EUFAULA,74432,MCINTOSH,dispensaries, HEAD SHOP
HEALING OPTIONS LLC ,DAAA-N1SC-A7SM,MEPLEY47@YAHOO.COM,9186800123,EUFAULA,74432,MCINTOSH,dispensaries, HEALING OPTIONS
"LAKE AND BAKE SHOP, LLC ",DAAA-4J5X-XKKT,SHAWNBURCHAM@AOL.COM,2142051564,EUFAULA,74432,MCINTOSH,dispensaries,
"LAKESIDE NATURAL, INC ",DAAA-NYUU-Q2LH,LAKESIDENATURAL2019@GMAIL.COM,9184909002,EUFAULA,74432,MCINTOSH,dispensaries,
THE HIGHDAWAY COVE ,DAAA-RKJT-SREJ,KBYRD653@GMAIL.COM,9186173896,EUFAULA,74432,MCINTOSH,dispensaries, THE HIGHDAWAY COVE
"THRIVE EXTRACTS, LLC ",DAAA-1LIA-F2ER,REDSKYRANCHOK@GMAIL.COM,9187609429,EUFAULA,74432,MCINTOSH,dispensaries, THRIVE CANNABIS COMPANY
"WEATHERED TREASURES, LLC ",DAAA-VJFN-VOYL,HANDCCLEMENT@GMAIL.COM,4056515363,EUFAULA,74432,PITTSBURG,dispensaries, NO. 9 DISPENSARY
OSAGE DISPENSARY ,DAAA-R2J9-CI79,JOEYGRIGG2014@GMAIL.COM,9188490454,FAIRFAX,74637,OSAGE,dispensaries, OSAGE DISPENSARY
WILD HERB LLC ,DAAA-HVFK-D9DX,CHUFFMAN@WILDHERBLLC.COM,4058342029,FAIRFAX,74637,OSAGE,dispensaries, WILD HERB LLC
BENDYCO LLC ,DAAA-JXSK-UOFL,ARROWENTERPRISES83@YAHOO.COM,9185414283,FAIRLAND,74343,OTTAWA,dispensaries, THE CHEESE FAIRLAND
"GARVIN COOK VENTURES, LLC ",DAAA-M84Z-LARZ,MIN.GARVIN@GMAIL.COM,9185334585,FAIRLAND,74343,OTTAWA,dispensaries, BAKED ON MAIN
JMP AGRICULTURAL FARMS OF NORTH EASTERN OKLAHOMA INC. ,DAAA-VKDM-PNXR,USAFLYER@SBCGLOBAL.NET,4058803791,FAIRLAND,74343,OTTAWA,dispensaries, EVERGREEN WELLNESS N. GROVE
PRAIRIE FALCON INC ,DAAA-FU96-HLNO,JWF1230@GMAIL.COM,9186193221,FAIRLAND,74343,OTTAWA,dispensaries, PRAIRIE FALCOM INC
THE WACKY TOBACKY LLC ,DAAA-VJJT-0QFV,THEWACKYTOBACKYLLC@GMAIL.COM,4058314790,FAIRLAND,74343,OTTAWA,dispensaries, THE WACKY TOBACKY LLC
"ESSENTIALLY YOURS HEALTHCARE, LLC ",DAAA-EYSG-RMCD,MISSIEJONES71@YAHOO.COM,5809221107,FAIRVIEW,73737,MAJOR,dispensaries, GREEN ACRES PHARM
GOLD LEAF CANNABIS LLC ,DAAA-4YC9-4O86,GOLDLEAFCANNABISLLC@GMAIL.COM,5806141850,FAIRVIEW,73737,MAJOR,dispensaries, GOLD LEAF CANNABIS LLC
WICKED SISTER'S CANNABIS COMPANY LLC ,DAAA-4KEH-WLJ9,LZBTHDEUNK@YAHOO.COM,5804026058,FAIRVIEW,73737,MAJOR,dispensaries,
NICE D CORPORATION ,DAAA-DUWN-9QJ1,ELLERY@NICEDREAMSOK.COM,9519664778,FORT COBB,73038,CADDO,dispensaries, NICE D CORPORATION DBA NICE DREAMS
FORT GIBSON WELLNESS LLC. ,DAAA-4KGN-7SEB,CORTREPAYNE4@GMAIL.COM,9183108770,FORT GIBSON,74434,MUSKOGEE,dispensaries,
OKLAHOMA CANNABIS APOTHECARY L.L.C. ,DAAA-41L9-YVJP,MAPLESMB@HOTMAIL.COM,9188691021,FORT GIBSON,74434,MUSKOGEE,dispensaries, OKLAHOMA CANNABIS APOTHECARY L.L.C.
JOE MIRANDA ,DAAA-V1ZO-WUG5,RISINCPR@ICLOUD.COM,5807986550,FORT TOWSON,74735,CHOCTAW,dispensaries, EXTREME EARTH EXTRACTS
"CONCENTRATED MEDICATIONS, LLC ",DAAA-4YTE-KQ58,JR2736@YAHOO.COM,2147271110,FREDERICK,73542,TILLMAN,dispensaries,
PEGGY WOOD ,DAAA-NKFV-MHEY,WOODPEGGY@YMAIL.COM,5803052870,FREDERICK,73542,TILLMAN,dispensaries, BUDS N MORE
RANDY'S RENDEZVOUS LLC ,DAAA-W3S4-XNEX,18228BUDSTORE@GMAIL.COM,5803055649,FREDERICK,73542,TILLMAN,dispensaries, RANDY'S RENDEZVOUS
"2CG, LLC ",DAAA-4JZO-NZCU,183TRUCKSTOP@GMAIL.COM,5803351105,FREDERICK,73542,TILLMAN,dispensaries, 183 FLAT COUNTRY STORE
MO BOOZLE LLC ,DAAA-VJA8-QZAV,GAMBRELL75@GMAIL.COM,9185712620,GANS,74936,SEQUOYAH,dispensaries, THE HEALING CANNABIS STORE
ROBERT BARKER AND MARY BARKER ,DAAA-VKAB-ULYZ,BARKERPLANTS@GMAIL.COM,9187746681,GANS,74936,SEQUOYAH,dispensaries, MARY J'S
PARADISE DISPENSARY ,DAAA-YN9F-7NYE,PARADISEDISPENSERY@GMAIL.COM,4056482425,GEARY,73040,BLAINE,dispensaries, PARADISE HILL INC
BACKWOODS MEDICAL #2 LLC ,DAAA-FHFO-ZRRL,RLEPLASTERING@GMAIL.COM,4054017955,GEARY,73040,BLAINE,dispensaries, BACKWOODS MEDICAL #2
B LINE MEDS LLC ,DAAA-GRFW-IJLW,ROGERHUGHES26@GMAIL.COM,9187248046,GLENPOOL,74033,TULSA,dispensaries, B LINE MEDS LLC
"B-LINE RELEAF DISPENSARY, LLC ",DAAA-X98O-HXYZ,BLINEDISPENSARY@GMAIL.COM,9189380311,GLENPOOL,74033,TULSA,dispensaries, THE BEELINE BUZZ
"ICANNA, LLC ",DAAA-BTIC-RADC,PRIMALWELLNESSLLC@YAHOO.COM,5802160105,GLENPOOL,74033,TULSA,dispensaries, THE DANK BANK
KIND ALTERNATIVE WELLNESS LLC ,DAAA-41J6-DIVF,DENISE@KINDALTERNATIVE.COM,9187043752,GLENPOOL,74033,TULSA,dispensaries,
PLD GROUP LLC ,DAAA-EK1C-YQFL,PURELEAFRX@GMAIL.COM,9189957022,GLENPOOL,74033,TULSA,dispensaries, PURE LEAF DISPENSARY
MIDWEST HERBAL DISPENSARY ,DAAA-1UA7-26T6,HAMFLY00@GMAIL.COM,9518583637,GROVE,74344,DELAWARE,dispensaries, STONEY GIRL WELLNESS
PAPER PLANES LLC ,DAAA-EKCG-ZTZ9,THEHALLWAY999@GMAIL.COM,3167087267,GROVE,74344,DELAWARE,dispensaries, REFINED FLOWER OF GROVE
PRAIRIE ROSE DISPENSARY ,DAAA-EUFM-DKU5,DOUG.L.CHILDERS@GMAIL.COM,9187664623,GROVE,74344,DELAWARE,dispensaries, PRAIRIE ROSE DISPENSARY
SMOKEY'S JOINT SOCIETY ,DAAA-H5YK-JREV,WRCCGROVE@GMAIL.COM,9183143927,GROVE,74344,DELAWARE,dispensaries, SMOKEY'S JOINT
SMOKY DREAMS ,DAAA-ARU5-CVDO,SMOKYDREAMS20@GMAIL.COM,9188508414,GROVE,74344,DELAWARE,dispensaries, SMOKY DREAMS
STICKY BUDZ LLC ,DAAA-4JWH-0YEX,ERICSTANEK1976@GMAIL.COM,4792159212,GROVE,74344,DELAWARE,dispensaries, STICKY BUDZ
TERP CULTIVATORS INC ,DAAA-OCUQ-LSGQ,JIMMY.KONGCONCENTRATES@PROTONMAIL.COM,8168001841,GROVE,74344,DELAWARE,dispensaries, TERP CULTIVATORS INC
"VBHOLDINGS, LLC ",DAAA-KEQQ-HMGD,VB850350@GMAIL.COM,9183143392,GROVE,74344,DELAWARE,dispensaries, THE CCC OF GROVE
420RELEAF LLC ,DAAA-41DP-TUVT,420RELEAF@GMAIL.COM,9188144694,GROVE,74344,DELAWARE,dispensaries, 420RELEAF
AI QUN LIN LLC ,DAAA-EKCM-L72B,MATT@STACYLEGALGROUP.COM,4058167228,GUTHRIE,73044,GRADY,dispensaries, AI QUN LIN LLC
DOOBIES_GUTHRIE LLC ,DAAA-HZDX-PCZZ,TIMSTHOMAS@AOL.COM,4052466153,GUTHRIE,73044,LOGAN,dispensaries, DOOBIES_GUTHRIE
HIGH STANDARDS LLC ,DAAA-VYJA-GQEY,HIGHSTANDARDSOK@GMAIL.COM,4058085921,GUTHRIE,73044,LOGAN,dispensaries,
JANDMHEARBAL LLC ,DAAA-NKGO-JGCD,JANDMHERBALS@GMAIL.COM,4055131176,GUTHRIE,73044,LOGAN,dispensaries, JANDMHEARBAL LLC
"MAGIC GRASS, LLC ",DAAA-FH5Y-WEWQ,DIVISIONSTREETDISPENSARY@GMAIL.COM,4056645719,GUTHRIE,73044,LOGAN,dispensaries, MAGIC GRASS
MW VENTURES LLC ,DAAA-4JXF-8OYL,HUMAN.REVIVE2018@GMAIL.COM,9186073107,GUTHRIE,73044,LOGAN,dispensaries, HUMAN REVIVE
NATEGU GREEN LLC ,DAAA-QXFY-RSCP,MATT@STACYLEGALGROUP.COM,4058167532,GUTHRIE,73044,LOGAN,dispensaries, NATEGU GREEN LLC
"TAGR2, LLC ",DAAA-N19K-QCCV,GUTHRIE.OWNER@CBDPLUSUSA.COM,3212588064,GUTHRIE,73044,LOGAN,dispensaries, LOTUS GOLD
WANG WANG LLC ,DAAA-41AZ-2YKL,MATT@STACYLEGALGROUP.COM,4057353800,GUTHRIE,73044,LOGAN,dispensaries, WANG WANG LLC
ALTCARE 4 LLC ,DAAA-V1LV-DSVS,PAUL@FIRELEAFOK.COM,4054760908,GUTHRIE,73044,LOGAN,dispensaries, FIRE LEAF
CANNABLESS RETAIL 14 LLC ,DAAA-4YZB-HGJW,CSISERVICESOKC@GMAIL.COM,4054569997,GUTHRIE,73044,LOGAN,dispensaries, CANNABLESS RETAIL 14
FIRE STATION 33 ,DAAA-GJMQ-TS6D,WOODYS.33E@GMAIL.COM,4054104717,GUTHRIE,73044,LOGAN,dispensaries,
115 GREEN LLC ,DAAA-NYLN-2HJA,SSMITH7293@YAHOO.COM,4053975447,GUTHRIE,73044,LOGAN,dispensaries, ONE15 GREEN LLC
CANNA THERAPEUTIC PROFESSIONALS OF OKLAHOMA LLC. ,DAAA-EJE0-UQLI,JEFFREYLIM.MD@GMAIL.COM,8063398130,GUYMON,73942,TEXAS,dispensaries, CTP BOTANICALS PLUS
MARY JANE'S ,DAAA-3JLB-EPV7,JEREMYJOSH21@GMAIL.COM,6209317737,GUYMON,73942,TEXAS,dispensaries, MARY JANE'S
PURPLE MOUNTAIN ENTERPRISES. LLC ,DAAA-VYRW-EAPT,MASONBRIANNE3@GMAIL.COM,8055589533,GUYMON,73942,OKLAHOMA,dispensaries, KUSH GARDENS
JPAZ 2 INC ,DAAA-EKQA-OA8J,CIMARRONCANNABIS@GMAIL.COM,6026172277,GUYMON,73942,TEXAS,dispensaries, CIMARRON PHARMA
1315 GUYMON LLC ,DAAA-8HBC-NY7Y,MASONBRIANNE3@GMAIL.COM,4056691938,GUYMON,73942,TEXAS,dispensaries, KUSH GARDENS
TP DREAMS LLC ,DAAA-EYBQ-YGJF,TIRWIN1963@LIVE.COM,9186063446,HALLETT,74034,PAWNEE,dispensaries, GRASS STATION 99
PAINTED HORSE REMEDIES L.L.C. ,DAAA-V1RL-RNMB,PAINTEDHORSEREMEDIES@GMAIL.COM,5808214395,HAMMON,73650,CUSTER,dispensaries,
CULTIVATORS CHOICE LLC ,DAAA-VYXI-Q61H,CHRISHERRIN447@GMAIL.COM,9092627750,HARRAH,73045,OKLAHOMA,dispensaries, CULTIVATORS CHOICE LLC
DOOBIES_HARRAH LLC ,DAAA-E2WC-2JFN,TIMSTHOMAS@AOL.COM,4052466153,HARRAH,73045,OKLAHOMA,dispensaries, DOOBIES_HARRAH
"GREEN LEAF DISPO, INC. ",DAAA-NYDN-V4UF,GREEN.LEAF.OKLA@GMAIL.COM,9188996355,HARRAH,73045,OKLAHOMA,dispensaries," GREEN LEAF DISPO, INC."
GREEN NEEDS APOTHECARY LLC ,DAAA-NKMX-IL0D,JEFFFOX415@YAHOO.COM,4057636450,HARRAH,73045,OKLAHOMA,dispensaries, JEFFREY FOX
"RON CLARK ENTERPRISES, INC. ",DAAA-4K76-NUEE,TRICHOMESOLUTIONSLLC@GMAIL.COM,4052271580,HARRAH,73045,POTTAWATOMIE,dispensaries, TRICHOME SOLUTIONS
THE URBAN GARDEN DISPENSARY SMOKE SHOP ,DAAA-XRKW-ZFU6,TELL0913@YAHOO.COM,4692546000,HARRAH,73045,OKLAHOMA,dispensaries, THE URBAN GARDEN DISPENSARY LLC
"ZEPDRO DISPENSARY, LLC ",DAAA-VZRW-2VN3,ZEPDRODISPENSARY@GMAIL.COM,4053891233,HARRAH,73045,OKLAHOMA,dispensaries,
THOMAS RAY SMITH ,DAAA-E1D5-MWOU,CZ17HMR2@ATT.NET,9182975707,HARTSHORNE,74547,PITTSBURG,dispensaries, CANNAISSEURS
"GREEN COMFORT MEDICINAL DISPENSARY, LLC. ",DAAA-41HT-NTMP,GREENCOMFORT918@GMAIL.COM,9186800174,HASKELL,74436,MUSKOGEE,dispensaries," GREEN COMFORT MEDICINAL DISPENSARY, LLC."
THE WELLNESS JOINT DISPENSARY LLC ,DAAA-4YB6-KG7L,ABERNATHYW38@YAHOO.COM,4054745225,HASKELL,74436,MUSKOGEE,dispensaries,
DIAMOND B COWBOY CANNABIS LLC ,DAAA-RUAA-YZOC,COWBOYCANNABIS420@GMAIL.COM,2108965757,HEALDTON,73438,CARTER,dispensaries, DIAMOND B COWBOY CANNABIS LLC
GOOD AS GOLD PHARM LLC ,DAAA-4YDJ-NP5X,SINGHSHELL@SBCGLOBAL.NET,5802210370,HEALDTON,73438,CARTER,dispensaries, GOOD AS GOLD PHARM LLC
JOINT FORCES ,DAAA-M9FX-NRX5,CJENKINS@JOINTFC.COM,4054441409,HEALDTON,73438,CARTER,dispensaries, JOINT FORCES
THE LAUGHING JOINT DISPENSARY ,DAAA-NKWP-DJ4Z,THELAUGHINGJOINT@YAHOO.COM,5806681105,HEALDTON,73438,CARTER,dispensaries, THE LAUGHING JOINT DISPENSARY
COUNTRY BUDS ,DAAA-EJ6Q-MOHP,WINDINGFLASHEZ@AOL.COM,9186588605,HEAVENER,74937,LE FLORE,dispensaries, COUNTRY BUDS
LEFT HANDED OKIES III LLC ,DAAA-4JU6-VQI0,BRANDY_AKINS@YAHOO.COM,9186532173,HEAVENER,74937,LE FLORE,dispensaries, THE STASHBOX
NATIVE GROWS NATIVE HERB FROM NATIVE LAND LLC ,DAAA-VYUC-PSYW,NATIVEGROWS94@GMAIL.COM,9184133518,HEAVENER,74937,LE FLORE,dispensaries,
PUNCHEE BUD ,DAAA-EYID-VLEK,PUNCHEEBUD@GMAIL.COM,9186495156,HEAVENER,74937,LE FLORE,dispensaries,
"WELLNESS SOLUTION CENTER, LLC ",DAAA-VKNE-RZQS,WELLNESSSOLUTION@YAHOO.COM,5805048803,HENNEPIN,73444,CARTER,dispensaries,
TOP STRAINZ DISPENSARY LLC ,DAAA-4YGW-XLKV,TOP.STRAINZ.DISPENSARY@GMAIL.COM,4054014638,HENNESSEY,73742,KINGFISHER,dispensaries,
FAMILY BUDZ DISPENSARY LLC ,DAAA-NYLI-7VLT,FAMILYBUDZ@YAHOO.COM,4058023162,HENRYETTA,74437,OKMULGEE,dispensaries, FAMILY BUDZ DISPENSARY LLC
"H. HOUSE OKLAHOMA II, INC. ",DAAA-4JCE-SQWI,SSLEGER@CREWCMD.COM,9206457513,HENRYETTA,74437,OKLAHOMA,dispensaries," H. HOSE OKLAHOMA II, INC."
"H. HOUSE OKLAHOMA II, INC. ",DAAA-4YUE-EFNC,SSLEGER@CREWCMD.COM,4055886086,HENRYETTA,74437,OKLAHOMA,dispensaries," H. HOUSE OKLAHOMA II, INC."
JOHNNY APPLESEED REMEDIES ,DAAA-NJWF-N3MX,KARENERUTH@YAHOO.COM,9185200815,HENRYETTA,74437,OKMULGEE,dispensaries, JOHNNY APPLESEED REMEDIES
"NATIVE THERAPEUTICS LTD., CO. ",DAAA-VKMG-OCDW,GMATTHEW.RICHARDSON@GMAIL.COM,9186716988,HENRYETTA,74437,OKMULGEE,dispensaries, NONE
THE FLOWER SHOP PLUS ,DAAA-OOTS-CHNH,THEFLOWERSHOP.PLUS@GMAIL.COM,9186521215,HENRYETTA,74437,OKMULGEE,dispensaries, THE FLOWER SHOP PLUS
"WM BROTHERS, LLC ",DAAA-URYZ-VLO3,QQUEENIEQI@GMAIL.COM,9189043283,HENRYETTA,74437,OKMULGEE,dispensaries,
BACKWOODS MEDICAL LLC ,DAAA-EJY9-2FZV,RLEPLASTERING@GMAIL.COM,4056381848,HINTON,73047,CADDO,dispensaries, BACKWOODS MEDICAL
FIREMEDS LLC ,DAAA-Z7OO-YPJB,RGRIFFIN198065@GMAIL.COM,9182684216,HITCHITA,74438,MCINTOSH,dispensaries, FIREMEDS LLC
CLOUD N9NE CANNABIS ,DAAA-ZXGU-A95T,CLOUD.N9NECANNABIS@GMAIL.COM,5803402653,HOBART,73651,KIOWA,dispensaries, CLOUD N9NE CANNABIS
HOBART GARDEN ROYALE LLC ,DAAA-VJVL-D3KR,MJGROWHOBART@GMAIL.COM,5806821469,HOBART,73651,KIOWA,dispensaries, HOBART GARDEN ROYALE
"GREEN REMEDIES, LLC ",DAAA-4KGG-4ICW,GREENMEDZOK@GMAIL.COM,5807438019,HUGO,74743,CHOCTAW,dispensaries, GREEN REMEDIES
MEDICATED MONKEY LLC ,DAAA-41CZ-78UK,JWMOREHEADJR@YAHOO.COM,5803724606,HUGO,74743,CHOCTAW,dispensaries, MEDICATED MONKEY
MIDWEST HERBAL SHOP LLC ,DAAA-N1JE-VWYU,MIDWESTHERBAL3@GMAIL.COM,7604099087,HUGO,74743,CHOCTAW,dispensaries, OKIE TENDER BUD
THA TREEHOUSE COLLECTIVE ,DAAA-H4AX-EP7R,TREEHOUSE420DISPENSARY@GMAIL.COM,2817449158,HUGO,74743,CHOCTAW,dispensaries, TREEHOUSE COLLECTIVE
"5-80 GAS STATION,LLC ",DAAA-EY1D-3G1W,CRYSBREWER23@GMAIL.COM,2146864393,HUGO,74743,CHOCTAW,dispensaries," 5-80 GAS STATION,LLC"
HWY 420 DISPENSARY LLC ,DAAA-EYR9-FTZQ,HWY420WELLNESS@GMAIL.COM.COM,5802092843,HUGO,74743,CHOCTAW,dispensaries, HWY 420 DISPENSARY LLC
CANNA BITES ENTERPRISES LLC ,DAAA-UAWP-ZGGD,TAMIA.SMITH38@GMAIL.COM,9183605409,HULBERT,74441,CHEROKEE,dispensaries, TREEHOUSE
THE 28 ,DAAA-J3A5-TPHL,ENJOYINLIVIN@GMAIL.COM,7192834010,HULBERT,74441,CHEROKEE,dispensaries, THE 28
THE 918 CANNABIS COMPANY ,DAAA-NJTI-Y2ZU,CORYJOSMITH87@GMAIL.COM,9184578492,HULBERT,74441,CHEROKEE,dispensaries, THE 918 CANNABIS COMPANY
BLS NATURALS OK LLC ,DAAA-NJAE-TT9G,OKLABLONDIE@HOTMAIL.COM,5807045500,HYDRO,73048,CADDO,dispensaries, RT66 APOTHECARY
BULL'S EYE NATURAL REMEDIES LLC ,DAAA-NY9X-BFVS,DONNA.BULLSEYE@GMAIL.COM,4055427811,HYDRO,73048,CADDO,dispensaries, BULLSEYE NATURAL REMEDIES
ALTERNATIVE INDUSTRIES LLC ,DAAA-41GB-0VMX,TESSA.ONEY88@GMAIL.COM,5802125989,IDABEL,74745,MCCURTAIN,dispensaries, HERB-N-LEGENDS CANNA GROUP
"BELCO PREMIER PHARMING, LLC ",DAAA-4YGD-8LR4,DEEBELANGER19@YAHOO.COM,9032776711,IDABEL,74745,MCCURTAIN,dispensaries, BELCO PREMIER PHARMING
DAY DREAMERZZZ WELLNESS LLC ,DAAA-MSAM-DRWO,BRITTANY_NICOLE93@LIVE.COM,9183611933,IDABEL,74745,MCCURTAIN,dispensaries,
ELITE GREEN LEAF LLC ,DAAA-GUHL-OWHM,JANICE.LONG@SETCOTIRE.COM,9032495260,IDABEL,74745,MCCURTAIN,dispensaries, ELITE GREEN LEAF LLC
D&R ALTERNATE CARE INC ,DAAA-V1UB-TCXL,OKCDISP@YAHOO.COM,2544850894,ARDMORE,73401,CARTER,dispensaries, MEDPOINT420 ARDMORE
EARTH WIND & FLOWER LLC ,DAAA-VKEF-0RMN,JEREMYLEAL@GMAIL.COM,2145431521,ARDMORE,73401,CARTER,dispensaries, STARBUDS ARDMORE
EPH MARKET PLACE LLC ,DAAA-57AC-7JWU,CRAIG@EARTHPHARMSOK.COM,5804653009,ARDMORE,73401,CARTER,dispensaries, EPH MARKET PLACE LLC
GAS CITY LLC ,DAAA-EK3L-SUZE,EVHACCOUNTING@YAHOO.COM,5803195602,ARDMORE,73401,CARTER,dispensaries, GAS CITY
GOOD GREEN CO. LLC ,DAAA-FEFA-4ZBB,JAMES.ALLEN.GOODGREENCO@GMAIL.COM,4058876902,ARDMORE,73401,CARTER,dispensaries, SOONER MAGIC CANNABIS
"GREENEST OF THEM ALL, LLC ",DAAA-NKDR-WS57,ALICIAM07@GMAIL.COM,9403907940,ARDMORE,73401,CARTER,dispensaries,
H2ORGANICS LLC ,DAAA-NYKH-GNKM,MORIAH@TOTALRXSERVICES.COM,5802766700,ARDMORE,73401,CARTER,dispensaries, H2ORGANICS
"HERBAL RADIANCE, LLC ",DAAA-EJFD-FJ1O,HERBALRADIANCE19@GMAIL.COM,5806302979,ARDMORE,73401,CARTER,dispensaries, MEDICAL MARIJUANA
HIGH PLAINS DISPENSARY INC. ,DAAA-E6WV-HNSF,DARRIN@TEXOMALABS.COM,5802767360,ARDMORE,73401,CARTER,dispensaries, DRAGONS LAIR
HJB HOLDINGS LLC ,DAAA-JNPJ-QJVM,LICENSING@HJBHOLDINGS.COM,5803191286,ARDMORE,73401,CARTER,dispensaries, HJB HOLDINGS LLC
HOLLYWOOD'S HOUSE OF FIRE INC ,DAAA-GL5O-IFZ8,HOLLYWOODSHOUSEOFFIRE@GMAIL.COM,5803418911,ARDMORE,73401,CARTER,dispensaries, HOLLYWOOD'S HOUSE OF FIRE INC
HONEY JANE FARMS LLC ,DAAA-4KAW-B7NZ,LJVANPELT@GMAIL.COM,6024691184,ARDMORE,73401,CARTER,dispensaries,
K'S GREAT ESCAPE LLC ,DAAA-VJU5-ZK1J,MARLEANHUDSON64@GMAIL.COM,5802229413,ARDMORE,73401,CARTER,dispensaries,
KABLOOM FLOWERS & MORE LLC ,DAAA-V1Y6-8SZF,BUDGETMARTOK@GMAIL.COM,2148816952,ARDMORE,73401,CARTER,dispensaries,
LAUGHING GRASS LLC ,DAAA-LXNM-GHXW,LAUGHING_GRASS@YAHOO.COM,5802229527,ARDMORE,73401,CARTER,dispensaries, LAUGHING GRASS DISPENSARY LLC
EMILY JONES ENTERPRISES LLC ,DAAA-N1DH-NTGD,EMILYJONESLLC@GMAIL.COM,4053173663,IDABEL,74745,MCCURTAIN,dispensaries, MOUNTAIN FORK MARY JANE
"JIM’S MEDICINAL MARIJUANA, LLC ",DAAA-VKPA-EO5S,JIMSMEDICINAL@GMAIL.COM,5802123268,IDABEL,74745,MCCURTAIN,dispensaries, JIM’S MEDICINAL MARIJUANA
KRAD'S CANNABIS IDABEL ,DAAA-EYJ1-QXKX,KRADSCANNABIS@GMAIL.COM,5807757865,IDABEL,74745,MCCURTAIN,dispensaries, KRAD'S CANNABIS IDABEL
LUNCH BOX LADIES LLC ,DAAA-4RMT-162Y,ROBYNJOHNSON@CABLEONE.NET,9032449275,IDABEL,74745,MCCURTAIN,dispensaries, GREEN SMILE CANNABLYSS
MCCURTAIN COUNTY GOLD CANNABIS LLC ,DAAA-VY6M-3HWW,MCCURTAINCGC@GMAIL.COM,5802364419,IDABEL,74745,MCCURTAIN,dispensaries, MCCURTAIN APOTHECARY
"MCCURTAIN WELLNESS HOLDINGS, INC ",DAAA-VKJ7-JSBT,TESSA.ONEY88@GMAIL.COM,5802125989,IDABEL,74745,MCCURTAIN,dispensaries, THE ONE & ONEY WHOLENESS APOTHECARY
"MCCURTAIN'S FINEST, LLC ",DAAA-VYYM-TCWX,BRADFARLEY54321@GMAIL.COM,5806120618,IDABEL,74745,MCCURTAIN,dispensaries,
PURPLE CLOUDS ,DAAA-DIPD-AAIV,PURPLECLOUDS720@GMAIL.COM,5802122753,IDABEL,74745,MCCURTAIN,dispensaries,
RRCF LLC ,DAAA-VY4A-UJTV,ROK@SMITHKLUBECK.COM,4057085195,IDABEL,74745,MCCURTAIN,dispensaries," RED RIVER CANNABIS FARMS, LLC"
"STONERICH HERB, LLC ",DAAA-41BR-KIER,STONESCOGGIN@GMAIL.COM,5802120168,IDABEL,74745,MCCURTAIN,dispensaries," STONERICH HERB, LLC"
"IT'S NAUGHTA MIRAGE, LLC ",DAAA-V11A-I6ZQ,MIKEPIEGUY02@GMAIL.COM,9188036141,INOLA,74036,ROGERS,dispensaries, HERBOLOGY ZONE
"CROSSROADS HEALTH DISPENSARY, INC. ",DAAA-EKY4-W5FU,CROSSROADSHEALTH@PROTONMAIL.COM,9186361952,JAY,74346,DELAWARE,dispensaries, CROSSROADS
"DLAYGVI GRASS, LLC ",DAAA-EK5X-AMHR,JEFFLOMBARD64@GMAIL.COM,4056129832,JAY,74346,DELAWARE,dispensaries,
"GREEN CULTURE, LLC ",DAAA-NYXB-G65N,UAZHAR@GMAIL.COM,9188991919,JAY,74346,DELAWARE,dispensaries, GREEN CULTURE JAY
MR. HERB LLC ,DAAA-BNQ9-QIWZ,MR.HERBLLC@GMAIL.COM,4799035157,JAY,74346,DELAWARE,dispensaries, MR. HERB LLC
"NATURAL GREEN HERBS, LLC ",DAAA-VKQH-3LGG,SEELEE422@GMAIL.COM,9182537576,JAY,74346,DELAWARE,dispensaries,
"POOLE FARMS LL, LLC ",DAAA-NKKD-AYSZ,FOXYGIANTS@YAHOO.COM,9188052462,JAY,74346,DELAWARE,dispensaries," POOLE FARMS LL, LLC"
FUME VENTRUES INC. ,DAAA-4J14-VXNV,LASIARSHAD@GMAIL.COM,2813098908,JENKS,74037,TULSA,dispensaries, EDEN CANNABIS CO.
"HIGH ROLLER INVESTMENTS, INC ",DAAA-VYBL-AKIL,ROBIN@CBDPLUSUSA.COM,9189355643,JENKS,74037,TULSA,dispensaries,
"MAIN STREET MEDS, INC ",DAAA-EYOI-KHP2,MAINSTREETMEDS@GMAIL.COM,9182614109,JENKS,74037,TULSA,dispensaries,
MED CANNABIS SOLUTIONS LLC ,DAAA-NJHM-6RUM,SHIMULNEWAZ@YAHOO.COM,9188512040,JENKS,74037,TULSA,dispensaries, MED CANNABIS SOLUTIONS LLC
GG-01 LLC ,DAAA-QL7R-TKDQ,DRJOSHWEDMAN@GMAIL.COM,9183462590,JENKS,74037,TULSA,dispensaries, GG-01 LLC
"JONES DISPENSARY GROUP, LLC ",DAAA-L3F2-WX6E,JONESDISPENSARYGROUP@GMAIL.COM,4056270948,JONES,73049,OKLAHOMA,dispensaries, JONES DISPENSARY GROUP
THE KANDY KITCHEN ,DAAA-EK1D-GHW4,ANGELIAYOUNGS@YAHOO.COM,4056200379,JONES,73049,OKLAHOMA,dispensaries, KANDY KITCHEN
"MA & PA'S CANNA SHOP, INC ",DAAA-CNNB-PPU0,MMLLC.2015@YAHOO.COM,9188016034,KANSAS,74347,DELAWARE,dispensaries, MA & PA'S CANNA SHOP II
KAW DISPENSARY ,DAAA-4KNE-FRQU,RACING4PARTS@YAHOO.COM,5807160606,KAW CITY,74641,KAY,dispensaries, BUD BARN
VINTAGE NUTRITION LLC ,DAAA-E1XS-VF3E,VINTAGENUTRITION@YAHOO.COM,9188055147,KELLYVILLE,74039,CREEK,dispensaries, BEYOND THE SEED
G & C DISPENSARY LLC ,DAAA-E1CL-X4UK,GCDISPENSARY@YAHOO.COM,9189662015,KEOTA,74941,HASKELL,dispensaries, G & C DISPENSARY LLC
LOKI'S LEAF LLC ,DAAA-XV2W-GHRO,LOKISLEAF@GMAIL.COM,9188641003,KETCHUM,74301,CRAIG,dispensaries, LOKIS LEAF LLC
FRAPPHOUSE DISPENSARY KETCHUM ,DAAA-R0KP-MYTF,MURRYFRAPP@ICLOUD.COM,9185008352,KETCHUM,74349,CRAIG,dispensaries, FRAPPHOUSE DISPENSARY
THE GROWERY LLC ,DAAA-VK8W-YUOY,ATHOMPSON@PRECMFG.COM,9188139760,KETCHUM,74349,CRAIG,dispensaries, THE GROWERY
"AUGUST PHARMS, LLC ",DAAA-4JBN-Q2PV,ROBIN@AUGUSTPHARMS.COM,4053680919,KINGFISHER,73750,KINGFISHER,dispensaries," AUGUST PHARMS, LLC"
"HEALTH EXPRESSNO. 2-T, LLC ",DAAA-4J6G-QSZ2,DPRATT4441@GMAIL.COM,4052274441,KINGFISHER,73750,KINGFISHER,dispensaries," HEALTH EXPRESSNO. 2-T, LLC"
NANA ZHANG ,DAAA-NKGH-FJUV,MATT@STACYLEGALGROUP.COM,4058167228,KINGFISHER,73750,KINGFISHER,dispensaries, NANA ZHANG
PHARMERS MARKET LLP ,DAAA-UOXI-SH0T,MTAYLOR@PKEQUIPMENT.COM,5805529026,KINGFISHER,73750,KINGFISHER,dispensaries, PHARMERS MARKET LLP
PURPLE HAZE ENTERPRISES INC ,DAAA-FEJV-W8RP,RANDALLLTROUT@GMAIL.COM,4055900744,KINGFISHER,73750,KINGFISHER,dispensaries, PURPLE HAZE DISPENSARY
BRIER CREEK MEDICAL DISPENSARY LLC ,DAAA-NY10-IBEV,BRIERCREEKMEDICAL@YAHOO.COM,9032712645,KINGSTON,73439,MARSHALL,dispensaries, BUNCOMBE CREEK BUDS
"DEAN'S OKLAHOMA CANNABIS, LLC ",DAAA-EJEP-KDEQ,DEANOKLACANNABIS@GMAIL.COM,5805640485,KINGSTON,73439,MARSHALL,dispensaries," DEAN'S OKLAHOMA CANNABIS,LLC"
LAKE STOP CANNABIS LLC ,DAAA-WAG2-5H0J,SHANNONDELL43@GMAIL.COM,4053172650,KINGSTON,73439,MARSHALL,dispensaries,
OKIE DOKIE GREENARY INC. ,DAAA-Q5XG-ABCL,GBASNET0950@GMAIL.COM,2818145887,KINGSTON,73439,MARSHALL,dispensaries,
ONE LOVE ALTERNATIVE INC ,DAAA-4JWA-EEBP,BILLDSIMMONS@GMAIL.COM,5809168118,KINGSTON,73439,MARSHALL,dispensaries, BILL SIMMONS
SMITH SISTERS INVESTMENT LLC ,DAAA-41QW-XXOE,FLIPPINFARMSKINGSTON@GMAIL.COM,2252532267,KINGSTON,73439,MARSHALL,dispensaries, FLIPPIN FARMS
"SMOKE ON THE RIVER, LLC ",DAAA-PWXD-5NW5,SLCLUTTER67@GMAIL.COM,5806341248,KINGSTON,73439,MARSHALL,dispensaries,
PURE WELLNESS EXIT 1 ,DAAA-VYGS-SBI8,PUREWELLNESSEXIT1@GMAIL.COM,5802201348,KINGSTON,73439,MARSHALL,dispensaries,
GREEN ACRES HIGHWAY ,DAAA-VK4T-EE0Q,GREENACRESHWY@GMAIL.COM,9184244531,KIOWA,74553,PITTSBURG,dispensaries, GREEN ACRES HIGHWAY
DTI ENTERPRISES LLC ,DAAA-VT0Q-VUX8,MICHELLE.MITNIK@GMAIL.COM,7196406127,KONAWA,74849,SEMINOLE,dispensaries, THE ENCHANTED DISPENSARY
31 CANNABIS ,DAAA-NJ6O-VSPK,CANNABIS31OK@GMAIL.COM,9183180348,KREBS,74554,PITTSBURG,dispensaries, 31 CANNABIS
HASHTAG 420 LLC ,DAAA-4JXY-HQPR,CHELSIEK_1985@YAHOO.COM,9184245249,KREBS,74554,PITTSBURG,dispensaries,
THE LITTLE CANNABIS COMPANY 2 LLC ,DAAA-NJTS-8SPH,ENIDCANNABISCO@GMAIL.COM,4058166720,LAHOMA,73754,GARFIELD,dispensaries,
CANNATOPIA LLC ,DAAA-41B2-5XIU,MLGRAMM@SPEEDYS66.COM,9187244015,LANGLEY,74350,MAYES,dispensaries," CANNATOPIA, LLC"
"CORPORATION ASSET NETWORK ASSOCIATION, LLC ",DAAA-E1WG-UUNQ,JLRISMAN@SBCGLOBAL.NET,9185275742,LANGLEY,74350,MAYES,dispensaries, MINERVA CANNA
"NATURE'S PATHWAY, LLC ",DAAA-N1DG-LQ5V,LORA.STILES13@GMAIL.COM,9186050173,LANGLEY,74350,MAYES,dispensaries," NATURE'S PATHWAY, LLC"
THE SHED OK LLC ,DAAA-VKNA-9O9H,SELLMARCO@GMAIL.COM,9187827882,LANGLEY,74350,MAYES,dispensaries, THE POTTING SHED
ALIEN GAS LLC ,DAAA-4JYK-P0DX,GREENCLOUDSCOLLECTIVE@GMAIL.COM,5805747374,LAWTON,73501,COMANCHE,dispensaries, GREEN CLOUDS COLLECTIVE
BIG CHIEF COLLECTIVE LLC. ,DAAA-E1NJ-VDUW,BIGT127MOBILE@GMAIL.COM,8178753860,LAWTON,73501,COMANCHE,dispensaries, BIG CHIEF COLLECTVE LLC.
BUD HUT MD INC. ,DAAA-4K1M-CKUP,INFO@BUDHUTMD.COM,4052138801,LAWTON,73501,COMANCHE,dispensaries,
"FPC GROUP, LLC ",DAAA-EYYY-O7B8,JEFF@SEE3FARMS.COM,4695768207,LAWTON,73501,COMANCHE,dispensaries, VERTICAL VIBEZ
GREEN AID SOCIETY LLC ,DAAA-LD9E-05S6,GREENAIDSOCIETY@GMAIL.COM,4054094569,LAWTON,73501,COMANCHE,dispensaries, GREEN AID SOCIETY LLC
"GREEN LUSH, LLC ",DAAA-E1XR-I2CG,GREENLUSHDISPENSARY@GMAIL.COM,5806992329,LAWTON,73501,COMANCHE,dispensaries, GREEN LUSH DISPENSARY
HEALING LEAF CANNABIS COMPANY LLC ,DAAA-NROZ-MEBT,DJHUTS@YAHOO.COM,5806950197,LAWTON,73501,COMANCHE,dispensaries,
HIGH OCTANE DISPENSARY LLC ,DAAA-0CFI-ZFPG,TREMAYNEWTHOMPSON@GMAIL.COM,5805950391,LAWTON,73501,COMANCHE,dispensaries, N/A
IPOT SHOP LLC ,DAAA-EYWE-EJJH,IPOTSHOP420@GMAIL.COM,3035237723,LAWTON,73501,COMANCHE,dispensaries, THE IPOT SHOP
MED DISPENSARY LLC ,DAAA-V1WQ-LNTH,DEWELLBREWER@GMAIL.COM,5806477246,LAWTON,73501,COMANCHE,dispensaries, MED DISPENSARY LLC
RYLIE'S GREEN LEAF LLC ,DAAA-EJL6-1NWA,RYLIEGRAHAM@YAHOO.COM,5806471018,LAWTON,73501,COMANCHE,dispensaries,
"THE GREEN TUMBLEWEED, LLC ",DAAA-VKK4-QESC,CORBIN@TUMBLEWEEDSCBD.COM,5805916003,LAWTON,73501,COMANCHE,dispensaries,
THE POT SPOT ,DAAA-4J2J-YPSQ,TONYNGUYEN0082@GMAIL.COM,3169901006,LAWTON,73501,COMANCHE,dispensaries,
THOMAS SUPPLIES & SERVICES LLC ,DAAA-NYTB-YQSH,GTHOMAS1808@ATT.NET,5803509519,LAWTON,73501,COMANCHE,dispensaries, THOMAS SUPPLIES & SERVICES LLC
TRIFECTA INVESTMENT HOLDINGS LLC ,DAAA-4KPN-HCJ2,TRIFECTA.ENTERPRISES3.420@GMAIL.COM,4052762256,LAWTON,73501,COMANCHE,dispensaries, THE DANKTUARY AND CANNABIS HEALTH CENTER
"V'LOZIO VENTURES, INC. ",DAAA-N1HQ-YNGR,BTJ@BRIANTEDJONES.COM,4056398497,LAWTON,73501,COMANCHE,dispensaries,
WOLFE PACK CANNABIS LLC ,DAAA-EJ3T-DOUB,BWRWSERVICES@SBCGLOBAL.NET,5805912076,LAWTON,73501,COMANCHE,dispensaries, NATURE'S MEDS
WOLFENBARGER ENTERPRISES INC. ,DAAA-NY3F-CKLK,NBLJOHNNYZ@HOTMAIL.COM,5805121661,LAWTON,73501,COMANCHE,dispensaries, THE STICKY DEPOT
"ABB ENTERPRISES, LLC ",DAAA-RG50-UTST,AFFORDABLE3131@OUTLOOK.COM,5805148002,LAWTON,73505,COMANCHE,dispensaries, A BETTER BUD
BUDS LLC ,DAAA-EJI0-2EWD,BUDSLAWTON@GMAIL.COM,5805850077,LAWTON,73505,COMANCHE,dispensaries, BUDS LLC
CANNA CURE DISPENSARY LLC ,DAAA-BIZ4-JOZH,INFO@SHOPCANNACURE.COM,5802702262,LAWTON,73505,COMANCHE,dispensaries, CANNA CURE DISPENSARY
DISCOUNT CANNABIS PLUS INC ,DAAA-ZO5I-YB9Z,CANNDISCOUNT@GMAIL.COM,5806786933,LAWTON,73505,COMANCHE,dispensaries, DISCOUNT CANNABIS
DOCTORS DISPENSARY LLC ,DAAA-4YQW-VGVN,CHRIS@LAWTONUROLOGY.COM,5807712009,LAWTON,73505,COMANCHE,dispensaries, DOCTORS DISPENSARY
FARO VENTURES LLC ,DAAA-4YA7-89PV,SCBIZ760@GMAIL.COM,5806996761,LAWTON,73505,COMANCHE,dispensaries, FARO FARMS
FLUFFYS APOTHECARY INC. ,DAAA-EKZX-LQMF,INFO@FLUFFYISOK.COM,8175016009,LAWTON,73505,COMANCHE,dispensaries, FLUFFY'S APOTHECARY
KRUSH-ALL LLC ,DAAA-QYXB-LKO0,KRUSH.ALLLLC@GMAIL.COM,5806950266,LAWTON,73505,COMANCHE,dispensaries, PRE-ROLL KING
"MEDICAL FARM-A-SEED, LLC ",DAAA-41NX-UJXS,SNOTDOC8@GMAIL.COM,5802481410,LAWTON,73505,COMANCHE,dispensaries," MEDICAL FARM-A-SEED , LLC"
"MEDICAL FARM-A-SEED,LLC ",DAAA-NJKT-WPTS,SNOTDOC8@GMAIL.COM,5802481410,LAWTON,73505,COMANCHE,dispensaries, MEDICAL FARM-A-SEED
PRIME HEALTH SERVICES LLC ,DAAA-VYUQ-FJUP,ISAIAH.MCGEE1988@GMAIL.COM,5804583255,LAWTON,73505,COMANCHE,dispensaries, CALI VIBES
SM JOHNSON INC ,DAAA-E9VN-KBBJ,SJOHNSON@HERBALCARECENTEROK.COM,5806991430,LAWTON,73505,COMANCHE,dispensaries, HERBAL CARE CENTER
SPARK CANNABIS CO ,DAAA-Z6A5-DQDD,SINGH.HARP@ICLOUD.COM,4055016795,LAWTON,73505,COMANCHE,dispensaries, SPARK CANNABIS CO
STARBUDS DISPENSARY LLC ,DAAA-VJEU-YEZU,SHAWNMCGILLWELLTEST@GMAIL.COM,5806821374,LAWTON,73505,COMANCHE,dispensaries, STARBUDS DISPENSARY LLC
SUGAR SHACK SO CAL LLC ,DAAA-EJMU-SECB,SHANESCONCE@GMAIL.COM,5805834380,LAWTON,73505,COMANCHE,dispensaries, SUGAR SHACK SO CAL LLC
TWISTED LEAF DISPENSARY INC ,DAAA-NJBH-T2FS,JMCNUTT92289@YAHOO.COM,5807131714,LAWTON,73505,COMANCHE,dispensaries,
WEREWOLF FARM LLC ,DAAA-HVU1-0WK8,AIRIEUS2552@GMAIL.COM,5809519449,LAWTON,73505,COMANCHE,dispensaries, WEREWOLF FARM DISPENSARY
BLOOMS DISPENSARY ,DAAA-EKYL-GKOP,INFO@BLOOMSINDUSTRY.COM,5803519996,LAWTON,73507,COMANCHE,dispensaries, BLOOMS DISPENSARY
BUDWAY DISPENSARY AND MARKET LLC ,DAAA-4JGP-ARGZ,BUDWAYFRESH@GMAIL.COM,5802845453,LAWTON,73507,COMANCHE,dispensaries, BUDWAY DISPENSARY AND MARKET LLC
"BUZZED LEAF, LLC ",DAAA-PZQI-YOE4,MOORECHRISJ13@GMAIL.COM,5806787978,LAWTON,73507,COMANCHE,dispensaries, BUZZED LEAF
CANNA CULTURE DISPENSARY LLC ,DAAA-4YUC-QXSE,CANNACULTURE@ATT.NET,5809192161,LAWTON,73507,COMANCHE,dispensaries, CANNA CULTURE DISPENSARY
DARMIC FARMS DISPENSARY LLC ,DAAA-KIK0-C0A6,DARMICFARMS@GMAIL.COM,5102609299,LAWTON,73507,COMANCHE,dispensaries, DARMIC FARMS DISPENSARY LLC
"FUSION AMS, LLC ",DAAA-EJSQ-6RLN,FUSIONAMSOK.KATIE@GMAIL.COM,5805746636,LAWTON,73507,COMANCHE,dispensaries," FUSION AMS, LLC"
MJC INVESTMENTS LLC DBA. THE BUD RANCH ,DAAA-EJAG-N9QD,STORAGERANCH.LAWTON@GMAIL.COM,5804672155,LAWTON,73507,COMANCHE,dispensaries,
QUEEN CROWN CANNABIS LLC ,DAAA-419A-CHQG,RASHARDADREWS@GMAIL.COM,5806990537,LAWTON,73507,COMANCHE,dispensaries,
RICIA DANIELS ,DAAA-NYDN-7ND5,RICIADANIELS@AOL.COM,9034361894,LAWTON,73507,COMANCHE,dispensaries, RICIA DANIELS
"SIMPLEX WELLNESS RX, LLC ",DAAA-419U-PEDP,CANDACE@SIMPLEXWELLNESS.COM,7132313844,LAWTON,73507,COMANCHE,dispensaries, CRITICAL HIT
SOUR KUSH LLC ,DAAA-RTFB-CQB9,MRD.SOURKUSH@GMAIL.COM,9729483373,LAWTON,73507,COMANCHE,dispensaries, SOUR KUSH
THE MARIJUANA BAR LLC ,DAAA-SB5K-3NGM,THEMARIJUANABAR@GMAIL.COM,5806990537,LAWTON,73507,COMANCHE,dispensaries, THE MARIJUANA BAR LLC
VERTICAL ABYSS LLC ,DAAA-EJOR-LKRY,BINSWORTH@CBDPLUSUSA.COM,5806786629,LAWTON,73507,COMANCHE,dispensaries, CBD PLUS USA
THE BIG CHIEF DRIVE-THRU 2 LLC ,DAAA-NJGX-KVVJ,JASON.MILLER9271@GMAIL.COM,5806786795,LAWTON,73507,COMANCHE,dispensaries, THE BIG CHIEF DRIVE-THRU 2
"HWY 49 CANNABIS & MORE, INC. ",DAAA-W8NN-O1FD,49CANNABISANDMORE@GMAIL.COM,5802108126,LAWTON,73507,COMANCHE,dispensaries,
"HWY 49 CANNABIS AND MORE, INC ",DAAA-NJAI-MBEP,49CANNABISANDMORE@GMAIL.COM,5802108126,LAWTON,73507,COMANCHE,dispensaries,
"64 DISPENSARY, LLC ",DAAA-N1YB-NMCH,RODSKI25@GMAIL.COM,5809171969,LAWTON,73505,COMANCHE,dispensaries," 64 DISPENSARY, LLC"
HAPPY ROOT 420 LLC ,DAAA-VYEP-4YDW,AJ@HAPPYROOT420.COM,4055348330,LAWTON,73505,COMANCHE,dispensaries, HAPPY ROOT 420 - LAWTON
420 ENTERPRISES LLC ,DAAA-VKJH-UMVB,EZWEEDGROWERS@GMAIL.COM,5805912606,LAWTON,73507,COMANCHE,dispensaries, THE RELEAF CLINIC
580 DISPENSARY LLC ,DAAA-VJ3R-K7ZF,DISPENSARY580THC@YAHOO.COM,7576335127,LAWTON,73505,COMANCHE,dispensaries, 580 DISPENSARY LLC
THE JOINT 580 ,DAAA-VKIP-TWTF,THEJOINTLAWTON@GMAIL.COM,5804580734,LAWTON,73505,COMANCHE,dispensaries,
"710 ENTERPRISES, LLC ",DAAA-339C-AEJ7,RELEAFCLINIC2@GMAIL.COM,5805912606,LAWTON,73505,COMANCHE,dispensaries, RELEAF CLINIC WEST
GN 1202 LAWTON INNOVATIONS LLC ,DAAA-WMGX-LALJ,GNLAWTONINNOVATIONS@GMAIL.COM,5807436030,LAWTON,73505,COMANCHE,dispensaries, GREEN NATION
1220 LAWTON LLC ,DAAA-F9TB-GR3O,MASONBRIANNE3@GMAIL.COM,4056691938,LAWTON,73505,COMANCHE,dispensaries, KUSH GARDENS STORE 8
GREEN TIMES ENTERPRISES INC ,DAAA-SQLZ-RQQ7,RUTH.REYES11@GMAIL.COM,4802085244,LEBANON,73440,MARSHALL,dispensaries, HEALING PLANTS
"GREEN SELECT, LLC ",DAAA-NY46-QGV1,PHRACHANPHENG@GMAIL.COM,7023353305,LEXINGTON,73051,CLEVELAND,dispensaries, GREEN SELECT CANNABIS COMPANY
ROYAL HIGHNESS LIFE ,DAAA-41O3-0JMW,420.ROYALHIGHNESS.2020@GMAIL.COM,4053659280,LEXINGTON,73051,CLEVELAND,dispensaries, ROYAL HIGHNESS LIFE LLC.
"THE CANNABIS OUTLET, LLC ",DAAA-EYEK-KG1B,THECANNABISOUTLET@GMAIL.COM,4052496288,LEXINGTON,73051,CLEVELAND,dispensaries,
BILLY BOY'S LLC ,DAAA-TSZ2-LI0K,BBROOKS_444@ICLOUD.COM,4053204587,LINDSAY,73052,GARVIN,dispensaries, BILLY BOY'S
PACIFIC OCEAN LLC ,DAAA-4Y0L-I6G8,KLIU@GMAIL.COM,9178312261,LINDSAY,73052,GARVIN,dispensaries, PACIFIC OCEAN LLC
RUSTY'S SHOP LLC ,DAAA-NJ56-XOKA,RUSTYSSHOP@YAHOO.COM,4058188281,LINDSAY,73052,GARVIN,dispensaries, RUSTY'S
"SCALABLE FARMS, LLC ",DAAA-E1T0-VJOM,ZACKWORTHEY@GMAIL.COM,7147944912,LINDSAY,73052,GARVIN,dispensaries,
"SMOKIN ACES FARM, LLC. ",DAAA-4JNP-EBVC,SMOKINACESFARM@GMAIL.COM,4054236010,LINDSAY,73052,OKLAHOMA,dispensaries, SMOKIN ACES FARM
"2RBC,LLC ",DAAA-4J8G-3SUK,CHANCELV@GMAIL.COM,9183232165,LINDSAY,73052,GARVIN,dispensaries, THE CANNA STATION
CHIEFIN MEDS LLC ,DAAA-VKSV-KTLY,CHIEFINMEDS@GMAIL.COM,9188644845,LOCUST GROVE,74352,MAYES,dispensaries, CHIEFIN MEDS
"CHRONIC MD, LLC ",DAAA-41BQ-BUML,CHRONICMD918@GMAIL.COM,9188649508,LOCUST GROVE,74352,MAYES,dispensaries, CHRONIC MD
THE MEDICAL JOINT LLC ,DAAA-WF5F-WKNF,MEDICALJOINTFAMILY@GMAIL.COM,2703033733,LOCUST GROVE,74352,COMANCHE,dispensaries,
420/7 ,DAAA-VJ7X-VVPV,VANGUNA2019@GMAIL.COM,9189441526,LOCUST GROVE,74352,MAYES,dispensaries, 420/7
COOL CREEK CANNABIS LLC ,DAAA-EJFV-XSXA,COOLCREEKCANNABIS@GMAIL.COM,5802209541,LONE GROVE,73443,CARTER,dispensaries, COOL CREEK CANNABIS LLC
EARTHY ENDO DISPENSARY ,DAAA-VWZH-KIKE,EARTHYENDO@GMAIL.COM,5804474371,LONE GROVE,73443,CARTER,dispensaries,
HOLISTIC CARE LLC ,DAAA-NJHR-4COB,SUDESHTHAPA71@GMAIL.COM,5802210370,LONE GROVE,73443,CARTER,dispensaries, KRONIC KURES FARMACY
MEDICANN-OK LONE GROVE LLC ,DAAA-AZ3H-6K9V,TINA.MEDICANNOK@GMAIL.COM,4054645554,LONE GROVE,73443,CARTER,dispensaries,
THE EMBER LLC ,DAAA-KQ2H-1FGK,EMBEROKLAHOMA@GMAIL.COM,5805041558,LONE GROVE,73443,CARTER,dispensaries, THE EMBER
STASHBOX 70 ,DAAA-VKPJ-VIYL,JOSH_WALKER28@LIVE.COM,5804909725,LONE GROVE,73443,CARTER,dispensaries,
THE COPPER POT ,DAAA-VYEE-QFPV,COPPERPOTDIS@GMAIL.COM,5805308370,LONE WOLF,73655,KIOWA,dispensaries, THE COPPER POT
"PING TWO, LLC ",DAAA-VKG2-ZZH4,MATT@STACYLEGALGROUP.COM,4058167228,LUTHER,73054,LOGAN,dispensaries,
THE HIGHDY HOLE LLC ,DAAA-41SK-ZLR6,THEHIGHDYHOLE@HOTMAIL.COM,4053176038,LUTHER,73054,OKLAHOMA,dispensaries, THE HIGHDY HOLE
OKLAHOMA GAS CANNABIS CO. LLC ,DAAA-VJIX-SMOI,JHARDIN1977@ICLOUD.COM,4054259335,MACOMB,74852,POTTAWATOMIE,dispensaries, OG  CANNABIS CO
CHAPMAN AND DOUGLAS INVESTMENTS LLC ,DAAA-41CX-PHUW,WERMWOULD@GMAIL.COM,5807954391,MADILL,73446,MARSHALL,dispensaries, TEXOMA HOUSE OF CANNABIS
JOINT FORCES ,DAAA-TEHV-8KM9,CJENKINS@JOINTFC.COM,4054441409,MADILL,73446,MARSHALL,dispensaries, JOINT FORCES
"MK'S CURE IT WITH CANNABIS, LLC ",DAAA-EKAY-KQTZ,MICKELOWENS1987@GMAIL.COM,5802767533,MADILL,73446,MARSHALL,dispensaries,
OKIE DOKIE GREENARY INC. ,DAAA-4XIF-F1RE,GBASNET0950@GMAIL.COM,2818145887,MADILL,73446,MARSHALL,dispensaries,
POWERHOUSE DISPENSARY ,DAAA-GC6Z-L1MV,POWERHOUSEDISP@GMAIL.COM,4056695952,MADILL,73446,MARSHALL,dispensaries, POWERHOUSE DISPENSARY
ZACHARY SCOTT STOLLER ,DAAA-VKON-1IQS,STOLLERZACH@YAHOO.COM,2148022715,MADILL,73446,MARSHALL,dispensaries, COZMO'S CANNABIS MARKET
HERBAN REMEDIES ,DAAA-EJE8-GZA2,HERBANREMEDIES@YAHOO.COM,5803011779,MANGUM,73554,GREER,dispensaries,
THERAPEUTIC HERBAL CENTERS LLC ,DAAA-41RI-FDJW,W.R.SETH.MARTIN@GMAIL.COM,5803013286,MANGUM,73554,GREER,dispensaries,
THE HIGHWAY 34 DISPENSARY LLC ,DAAA-RXFV-4PCG,COLBEYMYSON@GMAIL.COM,5807060057,MANGUM,73554,GREER,dispensaries, HIGHWAY 34 DISPENSARY
THERAPEUTIC HEALING CENTERS LLC ,DAAA-HRD4-WHRM,J@123401K.COM,5804188167,MANITOU,73555,TILLMAN,dispensaries, THERAPEUTIC HEALING CENTERS LLC
"ELI'S CHOICE, LLC ",DAAA-VKHC-ZVMP,KIMPEARCE313@GMALI.COM,9188079029,MANNFORD,74044,CREEK,dispensaries,
FIRE BUDS DISPENSARY LLC ,DAAA-EJJ1-VI0N,TWOBUDSFARMS@GMAIL.COM,9188456515,MANNFORD,74044,CREEK,dispensaries, FIRE BUDS
"KEYSTONE ALTERNATIVE MEDICINE, LLP ",DAAA-NKVO-LOED,WIJBAR@YAHOO.COM,9182851579,MANNFORD,74044,CREEK,dispensaries," KEYSTONE ALTERNATIVE MEDICINE, LLP"
"HIGHWAY 48 BUD SHOP, LLC ",DAAA-VYG4-8IBN,R50RICKS@YAHOO.COM,9182326415,MANNFORD,74044,CREEK,dispensaries, HIGHWAY 48 BUD SHOP
"LIFTED SOLUTIONS, LLC ",DAAA-JKCA-FKLC,SHAVONNE@SPACCOUNTINGSERVICES.NET,5806306589,ARDMORE,73401,CARTER,dispensaries," LIFTED SOLUTIONS, LLC"
LITTLE PETRA PRODUCE LLC ,DAAA-ERGY-GQYE,BIGBOYBAILEY@YAHOO.COM,4058232660,ARDMORE,73401,CARTER,dispensaries, LITTLE PETRA
"NATURE MEDS CANNABIS DISPENSARY, LLC ",DAAA-VY4N-LIEI,INFO@NATUREMEDSOK.COM,5805048229,ARDMORE,73401,CARTER,dispensaries,
NUE LEAF LLC ,DAAA-E1IY-X0VD,JDUVAK@ICLOUD.COM,5802207975,ARDMORE,73401,CARTER,dispensaries, NUE LEAF
OKIE DOKIE GREENARY INC ,DAAA-4JIU-TDA8,SUDESHTHAPA71@GMAIL.COM,2817937710,ARDMORE,73401,CARTER,dispensaries,
PURE WELLNESS MEDICAL ,DAAA-NKGV-KDCD,TODD@PWCBD.COM,5805046417,ARDMORE,73401,CARTER,dispensaries, PURE WELLNESS MEDICAL
R&D GREEN RX INC ,DAAA-4KZH-MZTV,OKCDISP@YAHOO.COM,2544850894,ARDMORE,73401,CARTER,dispensaries, R&D GREEN RX INC
RAINFOREST CANNABIS LLC ,DAAA-NHJQ-XEIQ,SINGHSAM13@YAHOO.COM,5802233400,ARDMORE,73401,CARTER,dispensaries, RAINFOREST CANNABIS
RYANS DISPENSARY INC ,DAAA-EYDY-RRMD,BHT.HABIBUR@YAHOO.COM,3478249133,ARDMORE,73401,CARTER,dispensaries, RYANS DISPENSARY
SIMPLY GREEN MERCHANTS LLC ,DAAA-4KGZ-D7R2,CURATIVASUPREME@GMAIL.COM,5803195496,ARDMORE,73401,CARTER,dispensaries, CURATIVA SUPREME
SJ & JC CORPORATION ,DAAA-E1MW-Z18G,STACY@JOHNSULLIVANINSURANCE.COM,5802210528,ARDMORE,73401,CARTER,dispensaries,
SUKHA FARMS LLC ,DAAA-C567-SEF8,GHUMAN.PP@ICLOUD.COM,5802229431,ARDMORE,73401,CARTER,dispensaries,
"SUNNY STRETCH MEDICAL DISPENSARY, LLC ",DAAA-N1LI-EVCR,3DAMONTRE3WRIGHT3@GMAIL.COM,4053808309,ARDMORE,73401,CARTER,dispensaries, SUNNY STRETCH DISPENSARY
"THE EXCLUSIVE DISPENSARY, LLC ",DAAA-C2RS-3RFL,JOHNATHANAVERY22@GMAIL.COM,5802208860,ARDMORE,73401,CARTER,dispensaries, THE EXCLUSIVE DISPENSARY
THE HIGHEST CHOICE LLC ,DAAA-EYFW-1L5Q,THEHIGHESTCHOICE.LLC@GMAIL.COM,8176007531,ARDMORE,73401,CARTER,dispensaries,
MR ROSTY BUDZ LLC ,DAAA-SU5V-PFC6,TISHPD108@YAHOO.COM,5804901837,MANNSVILLE,73447,JOHNSTON,dispensaries, MR FROSTY BUDZ LLC
OKIE DOKIE GREENARY INC. ,DAAA-QXDM-XAND,GBASNET0950@GMAIL.COM,2188145588,MANNSVILLE,73447,JOHNSTON,dispensaries,
HAITIAN HERBAL COMPANY LLC ,DAAA-RA4R-STFV,MATT@STACYLEGALGROUP.COM,4058167532,MARAMEC,74045,PAWNEE,dispensaries, HAITIAN HERBAL COMPANY LLC
"JACK LIN, LLC ",DAAA-VY4H-OA1L,MATT@STACYLEGALGROUP.COM,4057353800,MARAMEC,74045,GRADY,dispensaries," JACK LIN, LLC"
FALCON HAZE LLC ,DAAA-LGO4-HTQ5,INFO@TGJENTERPRISE.COM,2144763091,MARIETTA,73448,LOVE,dispensaries, FALCON HAZE
HOUSE OF OUNCE ,DAAA-NJVD-7AEH,PUPPAL1994@GMAIL.COM,9728344200,MARIETTA,73448,LOVE,dispensaries,
MARIETTA HITS LLC ,DAAA-8LRS-R8RS,MARIETTAHIGHSOCIETY@GMAIL.COM,5802760236,MARIETTA,73448,LOVE,dispensaries, MARIETTA HITS
NOVA CANNABIS COMPANY LLC ,DAAA-CFLS-HCXQ,NOVACANNABISMA@GMAIL.COM,5805792188,MARIETTA,73448,LOVE,dispensaries, NOVA CANNABIS OF MARIETTA
"TD GREEN LIGHT GROUP, LLC ",DAAA-EYXI-FIPB,THERESA.NGUYEN1287@GMAIL.COM,9493736018,MARIETTA,73448,LOVE,dispensaries,
TERESA BILYEU INC ,DAAA-4JQJ-VXFK,THETUMBLEWEED76@YAHOO.COM,4178494827,MARIETTA,73448,LOVE,dispensaries," TEXOMA TUMBLEWEED, INC."
TEXOMA HEMP CO INC ,DAAA-NYQ9-IKV5,OKIEHEMPONE@GMAIL.COM,3076801730,MARIETTA,73448,LOVE,dispensaries, RED RIVER BUDS
"TEXOMA TUMBLEWEED 2, LLC ",DAAA-EZMU-NLZB,THETUMBLEWEED76@YAHOO.COM,4178494827,MARIETTA,73448,LOVE,dispensaries,
120 KRAVE'S LLC ,DAAA-CEAX-4NP8,KRAVEDISPENSARY@GMAIL.COM,9032676815,MARIETTA,73448,LOVE,dispensaries,
JUNCTION 420 LLC ,DAAA-4JWL-ZD7U,JASON.MERRITT@JUNCTION420.COM,8324860396,MARIETTA,73448,LOVE,dispensaries,
BUD BARN LLC ,DAAA-EJOM-K3EH,BUDBARNOK@GMAIL.COM,5805850077,MARLOW,73055,OKFUSKEE,dispensaries, BUD BARN
"J&D ENTERPRISE PARTNERSHIP, LLC ",DAAA-415Q-NTKW,JOSHHUTTON48@YAHOO.COM,5806416062,MARLOW,73055,STEPHENS,dispensaries, FEELING FINE
RED BUD DISPENSARY INC ,DAAA-4J3A-BHUE,JGSANDERS1997@GMAIL.COM,5805046593,MARLOW,73055,STEPHENS,dispensaries, RED BUD DISPENSARY INC
THE LUCKY LLAMA DISPENSARY LLC ,DAAA-9SXR-VPRB,CRENSHAWGA@GMAIL.COM,8307030575,MARLOW,73055,STEPHENS,dispensaries, THE LUCKY LLAMA DISPENSARY
BETTER BUDZ MEDICAL MARIJUANA DISPENSARY LLC ,DAAA-P7EA-QX2G,CARRELLTRACY1@GMAIL.COM,4053121359,MAUD,74854,POTTAWATOMIE,dispensaries, BETTER BUDZ MEDICAL MARIJUANA DISPENSARY LLC
GOLD RUSH MEDICAL DISPENSARY ,DAAA-NYMT-Y19Y,BBW123@HOTMAIL.COM,4054209285,MAUD,74854,POTTAWATOMIE,dispensaries, GOLD RUSH MEDICAL DISPENSARY
CRYSTAL MCCONNELL DBA THE KUSH SPOT ,DAAA-EYSG-Y10X,THEKUSHSPOT1@GMAIL.COM,4052271728,MAYSVILLE,73057,GARVIN,dispensaries, THE KUSH SPOT
CALI 420 INC - OKC ,DAAA-V1N6-EMT7,CALI4TWENTYINC@GMAIL.COM,4059852254,MAYSVILLE,73057,GARVIN,dispensaries, CALI 420 INC - OKC
ADVENTURE CLIMBER LLC ,DAAA-VY80-CXPV,CHOCTAWJD@ICLOUD.COM,7752293631,MCALESTER,74501,PITTSBURG,dispensaries, LUCID CANNABIS COMPANY
BUDS APOTHECARY LLC ,DAAA-4JGT-HGBP,BRANDONMONKS@OUTLOOK.COM,9184489137,MCALESTER,74501,PITTSBURG,dispensaries, BUDS APOTHECARY
CAPITOL CANNABIS LLC ,DAAA-NP7H-O6CA,LUCHSINGER9079@GMAIL.COM,5803782553,MCALESTER,74501,PITTSBURG,dispensaries, CAPITOL CANNABIS LLC
"D & N CULTIVATION, LLC ",DAAA-RM1E-QR9P,DUNEINVESTMENTLLC@GMAIL.COM,3055424746,MCALESTER,74501,PITTSBURG,dispensaries, D & N CULTIVATION
"DE AND SE, INC ",DAAA-41OT-ZVO5,DWIGHTBOMERCPA@YAHOO.COM,7132088424,MCALESTER,74501,PITTSBURG,dispensaries, CHILLIN STATION
EMERALD LEAF APOTHECARY LLC ,DAAA-NJTF-1C2F,EMERALDLEAFAPOTHECARYLLC@GMAIL.COM,9184484815,MCALESTER,74501,PITTSBURG,dispensaries,
"FIVETS LEGACY, LLC ",DAAA-ALYB-329K,DOCJAVER@GMAIL.COM,9183294591,MCALESTER,74501,PITTSBURG,dispensaries, EUFLORIA
HEMPTIN MEDICAL DISPENSARY ,DAAA-C0PE-BR8V,LCASS2003@YAHOO.COM,9186958618,MCALESTER,74501,PITTSBURG,dispensaries, HEMPTIN MEDICAL DISPENSARY
HERBAL OASIS LLC ,DAAA-VKBX-5A9Q,JTHAMES@BASINUSA.COM,9189160319,MCALESTER,74501,PITTSBURG,dispensaries, HERBAL OASIS LLC
JAMES JONES ,DAAA-NKMZ-RGOV,ADMIN@PUREHEALTHOK.COM,4054798463,MCALESTER,74501,PITTSBURG,dispensaries, PURE HEALTH
JIANC GREEN LLC ,DAAA-V6AX-UFTD,MATT@STACYLEGALGROUP.COM,4058167532,MCALESTER,74501,PITTSBURG,dispensaries, JIANC GREEN LLC
KBNS INC ,DAAA-MLPN-BRAJ,KBNSINC@GMAIL.COM,4798572441,MCALESTER,74501,PITTSBURG,dispensaries, SASQUATCH GARDENS
KINGS RESERVES LLC ,DAAA-NKYO-ANLN,TODD@KINGSRESERVES.COM,5804369292,MCALESTER,74501,PITTSBURG,dispensaries, KINGS RESERVES
OKLAHOMA MEDICAL GANJA LLC ,DAAA-NYYN-X6EW,OMGDISP@GMAIL.COM,9184294382,MCALESTER,74501,PITTSBURG,dispensaries, OKLAHOMA MEDICAL GANJA LLC
"OKLAHOMA WILDFLOWER, L.L.C ",DAAA-NJKL-EA6H,INFO@OKLAHOMAWILDFLOWER.COM,9184237402,MCALESTER,74501,PITTSBURG,dispensaries,
PURE HEAVEN LLC ,DAAA-NK8N-4VWR,PUREHEAVENLLC@GMAIL.COM,9189165149,MCALESTER,74501,PITTSBURG,dispensaries, PURE HEAVEN LLC
"ROYAL LEAF, LLC ",DAAA-NYUO-NUKI,WULZ.STEVE@GMAIL.COM,4054343074,MCALESTER,74501,PITTSBURG,dispensaries, ROYAL LEAF DISPENSARY
SAOG LLC ,DAAA-EJTZ-VJNW,KD5OMB@GMAIL.COM,9184704040,MCALESTER,74501,PITTSBURG,dispensaries, THE FARM
SIMPLY GROW PHARMS LLC ,DAAA-DDVC-V29W,ATOKACPA@YAHOO.COM,5802392080,MCALESTER,74501,PITTSBURG,dispensaries, SIMPLY GROW PHARMS 2
STEPHANIE EMERY ,DAAA-PNLC-R0IO,SSSEMERY@YAHOO.COM,9184700933,MCALESTER,74501,PITTSBURG,dispensaries, THE PLUG
THE GRASS STATION MEDICINALS LLC ,DAAA-RQBZ-BNPM,CORYHHART@HOTMAIL.COM,3183557799,MCALESTER,74501,PITTSBURG,dispensaries,
THE PHARM ,DAAA-VWXX-6IXJ,THEPHARM73@AOL.COM,9186177455,MCALESTER,74501,PITTSBURG,dispensaries,
"TRICHOME HEALING CONNECTIONS, LLC ",DAAA-V1BD-RWO9,DANIEL@CBDPLUSUSA.COM,4052274441,MCALESTER,74501,PITTSBURG,dispensaries,
TOP DAWG DISPENSARY LLC ,DAAA-R7FO-XJHS,TOPDAWGDISPENSARY19@GMAIL.COM,4052199154,MCLOUD,74851,POTTAWATOMIE,dispensaries, TOP DAWG DISPENSARY LLC
LEVITATE INDUSTRIES LLC ,DAAA-XGVU-WWEM,RAY@LEVITATEINDUSTRIES.COM,5809208628,MEAD,73449,BRYAN,dispensaries, LEVITATE INDUSTRIES LLC
MODERN DAY HIPPIE LLP ,DAAA-V1T3-MMBC,TIFF12W@GMAIL.COM,9404428440,MEAD,73449,BRYAN,dispensaries, MODERN DAY HIPPIE
SHEFFY'S FARM L.L.C. ,DAAA-YNYE-OXGZ,SHEFFYSFARM@GMAIL.COM,5807753038,MEAD,73449,BRYAN,dispensaries, SHEFFY'S FARM
TEXOMA PACKAGING LLC ,DAAA-QIOE-ZBSV,EMILY@DABCITYGROUP.COM,5803642555,MEAD,73449,BRYAN,dispensaries, THE POT SHOP
"GARAGE 420, LLC ",DAAA-SV9Q-1NU3,BIGDADRITCH@GMAIL.COM,9034364306,MEAD,73449,BRYAN,dispensaries," GARAGE 420, LLC"
"THC THE HEALING CLINIC, LLC ",DAAA-N1WL-B1AY,TRAVISCRAIG1695@YAHOO.COM,2544150580,MEDICINE PARK,73557,COMANCHE,dispensaries," THC THE HEALING CLINIC, LLC"
"FLAMING FIRE FARMS, LLC ",DAAA-LGZ5-WHBV,FLAMINGFIREFARMS@GMAIL.COM,7026041839,MEEKER,74855,LINCOLN,dispensaries," FLAMING FIRE FARMS, LLC"
JC HOANG LLC ,DAAA-JLMF-UQRX,MATT@STACYLEGALGROUP.COM,4058167532,MEEKER,74855,LINCOLN,dispensaries, JC HOANG LLC
"MEEKER MEDICINE CABINET, LLC ",DAAA-AJOL-JRVU,JOBS@HIVESTAFFING.COM,4055057992,MEEKER,74855,LINCOLN,dispensaries, MEEKER MEDICINE CABINET
RONG HE LLC ,DAAA-M1HK-WEB9,MATT@STACYLEGALGROUP.COM,4058167532,MEEKER,74855,LINCOLN,dispensaries,
TOUCANNABIS WELLNESS CO. LLC ,DAAA-NKDV-4ZHD,4MARILYNMURPHY@COX.NET,4056236867,MEEKER,74855,LINCOLN,dispensaries, TOUCANNABIS WELLNESS CO.
"MENO GRASS STATION, LLC ",DAAA-4KM3-QFRD,R_BROOKS201@YAHOO.COM,5805420377,MENO,73760,MAJOR,dispensaries,
AMANDA EDWARDS ,DAAA-EKCL-ZDLV,EARL@GPLAWARKANSAS.COM,4175291158,MIAMI,74354,OTTAWA,dispensaries, GATEWAY HERBAL & WELLNESS
"FLYING PIG ENTERPRISES, INC. ",DAAA-VYXI-QFVR,FLYINGPIG.RH@GMAIL.COM,9185410782,MIAMI,74354,OTTAWA,dispensaries, THE MIAMI DISPENSARY (THE FLYING PIG)
TREEHOUSE7201LLC ,DAAA-4J83-R0WL,TAMIA.SMITH38@GMAIL.COM,9183605409,MIDWEST CITY,73110,OKLAHOMA,dispensaries, TREEHOUSE
VLSDCS4 LLC ,DAAA-AHKV-TWQB,VICKISHAPARD@HOTMAIL.COM,4052004671,MIDWEST CITY,73110,OKLAHOMA,dispensaries, FREDS FARMACOPIA
WORLD CLASS GENETICS LLC ,DAAA-E1A9-QD47,TOPPADON@COX.NET,4055284866,MIDWEST CITY,73110,OKLAHOMA,dispensaries, AUTUMN STRAINS CBD / THC
XLT SOLUTIONS LLC ,DAAA-4YWN-BO2T,SALI78619@GMAIL.COM,2695985464,MIDWEST CITY,73110,OKLAHOMA,dispensaries, TERPINZ
"GP INDUSTRIES, LLC ",DAAA-US70-HKIN,TREY@BLOOMOK.COM,4058224919,MIDWEST CITY,73130,OKLAHOMA,dispensaries, BLOOM CANNABIS CO.
PONCA CITY DISPENSARY INC ,DAAA-4KSS-JC83,JVL.KIRBY@GMAIL.COM,5807890284,MIDWEST CITY,73130,OKLAHOMA,dispensaries, MIDWEST MEDICAL CANIBAS
"5 STAR KUSH, LLC ",DAAA-KIEK-PUNO,JHECK22@HOTMAIL.COM,4055359023,MIDWEST CITY,73110,OKLAHOMA,dispensaries, 5 STAR KUSH
"THE HEAL 365, LLC ",DAAA-NKZY-EASU,LINDA.K.JHONG@GMAIL.COM,8082561324,MIDWEST CITY,73110,OKLAHOMA,dispensaries," THE HEAL 365, LLC"
405 BUDZ LLC ,DAAA-4YZX-ZP8N,JUANHERNAN1494@GMAIL.COM,4056182717,MIDWEST CITY,73110,OKLAHOMA,dispensaries, 405 BUDZ
"405 GAS STATION 1, LLC ",DAAA-VY5Z-5KIE,ANDREMCNEELY9@GMAIL.COM,4054734550,MIDWEST CITY,73130,OKLAHOMA,dispensaries,
"EVERYTHING GREEN, RX ",DAAA-V1SF-6F7D,COOKSEYBAC8@AOL.COM,4057795106,MINCO,73059,GRADY,dispensaries," EVERYTHING GREEN, RX"
"CLASSY G VENTURES, LLC ",DAAA-VKML-GLLQ,JASON@UGRLABS.COM,7606006809,MONKEY ISLAND,74331,DELAWARE,dispensaries, CLASSY GRASS MONKEY ISLAND
ATOMIC BUD LLC ,DAAA-4JB6-ZVIY,CARTERS_DAD@YAHOO.COM,4054645566,MOORE,73160,CLEVELAND,dispensaries,
B'S LOVE BUDZ LLC ,DAAA-EYEK-CC2C,BLOVEBUDZ@GMAIL.COM,9189252135,MOORE,73160,CLEVELAND,dispensaries, B'S LOVE BUDZ
BIG DADDY'S MARIJUANA DISPENSARY INC. ,DAAA-EJEU-3YDH,HOLZBAUGH@YAHOO.COM,4058378873,MOORE,73160,CLEVELAND,dispensaries,
C.A.G. MEDICAL DISPENSARY LLC ,DAAA-VYAJ-3ENQ,DANIEL.BURKLEY32@YAHOO.COM,4059225590,MOORE,73160,CLEVELAND,dispensaries, C.A.G. MEDICAL DISPENSARY LLC
D'S NUGGS LLC ,DAAA-41GV-WBHU,DRANAMW@GMAIL.COM,4059216161,MOORE,73160,CLEVELAND,dispensaries,
FLAME DISPENSARY ,DAAA-NJJ9-RMEI,BARBARABONNICK@ATT.NET,4057223123,MOORE,73160,CLEVELAND,dispensaries, FLAME DISPENSARY
FLOWER POWER CANNABIS CO. ,DAAA-IYNW-8ZCN,KIRKFLOWERS@SBCGLOBAL.NET,4058021469,MOORE,73160,CLEVELAND,dispensaries, FLOWER POWER CANNABIS ONE
GOOD KARMA CANNABIS CO LLC ,DAAA-N1KZ-AGIB,CSISERVICESOKC@GMAIL.COM,4054569997,MOORE,73160,CLEVELAND,dispensaries, GOOD KARMA CANNABIS COMPANY
"GREEN HOPE RX, INC. ",DAAA-E1LD-HWOR,THISISINFAMOUS@YAHOO.COM,5804782533,MOORE,73160,CLEVELAND,dispensaries, FIREHOUSE DISPENSARY
GREGORY'S DISCOUNT MEDICAL LLC ,DAAA-4KP5-EL4Q,CHARLESGREGORY6@GMAIL.COM,4059629401,MOORE,73160,CLEVELAND,dispensaries, GREEN PLUS
HOW HIGH DISPENSARY LLC ,DAAA-OLVU-YRM9,HOWHIGHDISPENSARY1985@GMAIL.COM,4054212194,MOORE,73160,CLEVELAND,dispensaries, HOW HIGH DISPENSARY
J-BAP INDUSTRY LLC ,DAAA-EXGQ-THXW,PIRPICHJ@GMAIL.COM,2147633342,MOORE,73160,CLEVELAND,dispensaries, B-B DISPENSARY
KANNABIS QUEENS DISPENSARY LLC ,DAAA-VJFL-D397,KANNABISKINGS@OUTLOOK.COM,4692851552,MOORE,73160,CLEVELAND,dispensaries,
LIVING LEAF LLC ,DAAA-EKAR-LHZP,LIVINGLEAFDISPENSARY@GMAIL.COM,2548551800,MOORE,73160,CLEVELAND,dispensaries, LIVING LEAF
MARTA JONES ,DAAA-NJW2-QWSJ,MARTA.JONES23@GMAIL.COM,4054211488,MOORE,73160,CLEVELAND,dispensaries, M.J.'S BUDZ AND TREATZ
"MARY JANE DISPENSARY, LLC ",DAAA-VJNC-UVFP,DELTA@MARYJANEOKC.COM,4054969614,MOORE,73160,CLEVELAND,dispensaries, MARY JANE DISPENSARY
"NATIVE HARVEST, LLC ",DAAA-FMVE-7BGP,MARTYL@BIGREDSPORTS.COM,4052346525,MOORE,73160,CLEVELAND,dispensaries, NATIVE HARVEST DISPENSARY
NATURE'S CURE DISPENSARY LLL  LLC ,DAAA-S4QE-25QE,LIZTRUJILLO73500@GMAIL.COM,4056795859,MOORE,73160,CLEVELAND,dispensaries, NATURE'S CURE DISPENSARY LLL LLC
NEXT ELEVATION INC ,DAAA-WG5T-98QN,SHITALBHADRESH@ICLOUD.COM,4056936420,MOORE,73160,CLEVELAND,dispensaries,
OASIS HEALING CENTER LLC ,DAAA-VYO3-YQHF,ADMIN@OASISHEALINGCENTERS.COM,4056765573,MOORE,73160,CLEVELAND,dispensaries, OASIS HEALING CENTER LLC
"OKAF, INC ",DAAA-EKNY-HGYS,NATEGREGORY@OUTLOOK.COM,3166171176,MOORE,73160,CLEVELAND,dispensaries,
OKLAHOMA KIND CONNECTION ,DAAA-V1UV-DXRT,KELBY.VALDEZ@GMAIL.COM,4058861645,MOORE,73160,CLEVELAND,dispensaries, OKLAHOMA KIND CONNECTION
"PARTY MOORE, LLC ",DAAA-VKNK-BEOP,BRYAN@PARTYMOORESTORE.COM,4052558783,MOORE,73160,CLEVELAND,dispensaries, PARTY MOORE
"PLATINUM LEAF CANNABIS, LLC ",DAAA-ZLXA-08GD,KLOGSDON37@YAHOO.COM,9184025490,MOORE,73160,CLEVELAND,dispensaries, PLATINUM LEAF
ROSE ROCK II INC ,DAAA-41P1-VZMC,CRYSTAL_FURR@YAHOO.COM,6204826904,MOORE,73160,CLEVELAND,dispensaries,
"SJ,ENTERPRISES LLC ",DAAA-EYUP-ZADB,BLAKEHEINTZ22@GMAIL.COM,4056207023,MOORE,73160,CLEVELAND,dispensaries, THREE LITTLE BIRDS DISPENSARY
THUNDER BUDZ LLC ,DAAA-4K7Z-TNUO,CSISERVICESOKC@GMAIL.COM,4054061600,MOORE,73160,CLEVELAND,dispensaries,
ZIGGYZ DISPENSARIES LLC ,DAAA-4YNV-ZTEU,ARMORY13TH@HOTMAIL.COM,4055219999,MOORE,73160,CLEVELAND,dispensaries, ZIGGYZ DISPENSARIES
AWOKEN PRODUCTS LLC ,DAAA-VYP5-DWTY,DANIELROCKWELL@GMAIL.COM,4058226402,MOORE,73170,CLEVELAND,dispensaries, WOKE WELNESS
AMERICAN CANNABIS COMPANY - 6 LLC ,DAAA-CA5Z-CTV3,HEALINGFARMS420@GMAIL.COM,5419443385,MOORE,73160,CLEVELAND,dispensaries, AMERICAN CANNABIS
ALTCARE 2 LLC ,DAAA-EJHM-OCIP,PAUL@FIRELEAFOK.COM,4054760908,MOORE,73160,OKLAHOMA,dispensaries, FIRE LEAF
CANNABLESS RETAIL 16 LLC ,DAAA-ZMCL-RBKS,LEGAL@CANNABLESS.CO,4056354814,MOORE,73160,CLEVELAND,dispensaries, CANNABLESS
46 RELEAF NO 2 INC ,DAAA-NYCE-SLKS,46RELEAFNO2@GMAIL.COM,4053610995,MOORE,73160,CLEVELAND,dispensaries,
825 S 19TH ST LLC ,DAAA-NJYA-AADH,INFO@OKIEKUSHCLUB.COM,4055193421,MOORE,73160,CLEVELAND,dispensaries, OKIE KUSH CLUB
GREEN LEAF PRODUCTS LLC ,DAAA-7A0I-AQGP,LANDON-PEACH@HOTMAIL.COM,5803344772,MOORELAND,73852,WOODWARD,dispensaries,
TIMELESS BUDS DISPENSARY LLC ,DAAA-BRLG-0UYU,TDEEANN@YAHOO.COM,5803367793,MORRISON,73061,NOBLE,dispensaries, TIMELESS BUDS DISPENSARY
"THE RIG DISPENSARY, LLC ",DAAA-ZQVS-HS7O,MONJU2886@GMAIL.COM,9188520830,MOUNDS,74047,CREEK,dispensaries, THE RIG DISPENSARY
SUPERIOR CANNABIS LLC ,DAAA-N1CA-IZFB,SUPERIORCANNABISLLC@GMAIL.COM,5805692954,MOUNTAIN PARK,73559,KIOWA,dispensaries, SUPERIOR CANNABIS
NATURES OWN MEDICINE ,DAAA-NXGL-SWFX,TIFFY_SUEWATSON@YAHOO.COM,5804581769,MOUNTAIN VIEW,73062,KIOWA,dispensaries,
DIDANAWISGI INCORPORATED ,DAAA-41VD-OQHE,JERRYAALLEN22@GMAIL.COM,9037336015,MULDROW,74948,SEQUOYAH,dispensaries, 421STOP
GREEN SOLUTION ,DAAA-4JDF-WTVS,JOETMORGAN@YAHOO.COM,4798064768,MULDROW,74948,SEQUOYAH,dispensaries, GREEN MATRIX
HEMPNOTIC INC ,DAAA-VJVM-NMLG,GREENSANDTHINGS2019@YAHOO.COM,4792261344,MULDROW,74948,SEQUOYAH,dispensaries, GREENS AND THINGS
"MAJESTIC JANE, INC. ",DAAA-N121-65EP,MAJESTICJANE8@GMAIL.COM,4792597251,MULDROW,74948,SEQUOYAH,dispensaries, MAJESTIC JANE
"RELEAFWORX, LLC ",DAAA-NJDB-9NS7,ROB@RELEAFWORX.COM,4794594088,MULDROW,74948,SEQUOYAH,dispensaries," RELEAFWORX, LLC"
THE DOPE SPOT LLC ,DAAA-H7AO-W99G,SATERANANCE@GMAIL.COM,4795617580,MULDROW,74948,SEQUOYAH,dispensaries, THE DOPE SPOT LLC
"URBAN EXCHANGE, LLC. ",DAAA-N1ZZ-G5VX,URBANEXCHANGE2@GMAIL.COM,4794079113,MULDROW,74948,SEQUOYAH,dispensaries, URBAN EXCHANGE
WHITNEY MARTIN ,DAAA-EYYW-CLHQ,OKLAHOMAGROWER@ICLOUD.COM,4792228224,MULDROW,74948,SEQUOYAH,dispensaries, OKLAHOMA GROWER
"YYL, LLC ",DAAA-EKYJ-VOKL,MATT@STACYLEGALGROUP.COM,4058167228,MULHALL,73063,LOGAN,dispensaries,
"TJB TWO INVESTMENTS, LLC ",DAAA-VYWB-SD7K,STEVE@DERRYBERRYLAW.COM,4055286569,ARDMORE,73401,CARTER,dispensaries, HARD TO FIND 4/20
"TRU RELEAF, LLC ",DAAA-NK0Q-ZJGV,LDSHORTER@CABLEONE.NET,5802229089,ARDMORE,73401,CARTER,dispensaries,
YUM YUM FARMS LLC ,DAAA-V18I-QYW8,ZEMLICKAMICHAEL@GMAIL.COM,2108575992,ARDMORE,73401,CARTER,dispensaries, YUM YUM FARMS
1 PEAK PARTNERS INC. ,DAAA-4JNS-LR58,AQUILAPHIL@GMAIL.COM,8187319876,ARDMORE,73401,CARTER,dispensaries, DBA AQUILA DISPENSARY
2WHITES AND BOSA LLC ,DAAA-NJKE-KQIH,BOBBYJOWHITE3@GMAIL.COM,5805043294,ARDMORE,73401,CARTER,dispensaries, INDEPENDENCE FARMS 2
120 KRAVE'S LLC ,DAAA-2PZY-UZAR,KRAVEDISPENSARY@GMAIL.COM,9032676815,ARDMORE,73401,CARTER,dispensaries,
420 GREEN GRASS CORPORATION ,DAAA-N1DT-3FKW,OKCDISP@YAHOO.COM,2544850894,ARDMORE,73401,CARTER,dispensaries, 420 GREEN GRASS CORPORATION
THE 420 SPOT LLC ,DAAA-EKRZ-WQFU,TJBERRYI@YAHOO.COM,5802223884,ARDMORE,73401,CARTER,dispensaries, THE 420 SPOT
STATE LINE DISPENSARY LLC ,DAAA-VK5X-B7UI,DEREKNETZ@GMAIL.COM,9187746137,ARKOMA,74901,LE FLORE,dispensaries, STATE LINE DISPENSARY OF ARKOMA
S & W HEMPIRE DISPENSARY ,DAAA-EKJR-OX1E,JASONSKILLERN@GMAIL.COM,4056237587,ASHER,74826,POTTAWATOMIE,dispensaries, S & W HEMPIRE DISPENSARY
"GENERATION GREEN, LLC ",DAAA-E1CL-JWFU,GENERATIONGREEN18@GMAIL.COM,5802392128,ATOKA,74525,ATOKA,dispensaries, GENERATION GREEN LLC
JD BURKHALTER LLC ,DAAA-VK2L-AGOM,JERRYBURKHALTER@GMAIL.COM,5802392301,ATOKA,74525,ATOKA,dispensaries, THE CANNABIS CURE
KINGS RESERVES LLC ,DAAA-4J55-TIOW,TODD@KINGSRESERVES.COM,5804369292,ATOKA,74525,ATOKA,dispensaries, KINGS RESERVES
MIDWESTERN BOTANICAL CURES LLC ,DAAA-E1OL-OLSX,ATOGENETICS@GMAIL.COM,5803782629,ATOKA,74525,ATOKA,dispensaries, A TOKIN OKIE
MJS SHOPPE LLC ,DAAA-4YOC-ERME,MJSSHOPPE2019@YAHOO.COM,5803646008,ATOKA,74525,ATOKA,dispensaries, MJ'S SHOPPE
"LIN GREEN, LLC ",DAAA-NK83-QHLR,MATT@STACYLEGALGROUP.COM,4058167228,MUSKOGEE,73010,GRADY,dispensaries,
"ADVANCED WELLNESS AND DISPENSARY, LLC ",DAAA-N1JS-XZWR,ADVANCEDWELLNESSANDDISPENSARY@GMAIL.COM,9183488803,MUSKOGEE,74401,MUSKOGEE,dispensaries," ADVANCED WELLNESS AND DISPENSARY, LLC"
BIG CHEEF DISPENSARY LLC ,DAAA-7F8I-VSRH,DHENRY.1984@GMAIL.COM,4055376859,MUSKOGEE,74401,MUSKOGEE,dispensaries, DERNYELL HENRY
BIG PAPA'S LLC ,DAAA-VKKQ-PAW7,RBEPPER@ME.COM,9189105309,MUSKOGEE,74401,MUSKOGEE,dispensaries, BIG PAPA'S OKIE TOKE
"EMERALD CROSS, LLC ",DAAA-EKX6-CTSR,RONNIE@GCLEDS.COM,9186160611,MUSKOGEE,74401,MUSKOGEE,dispensaries, NATIVE GRASS DISPENSARY
"EVO CANNABIS COMPANY MUSKOGEE WEST, LLC ",DAAA-VJA8-IFTI,TIK@EVOLUTIONONLINE.COM,9182075436,MUSKOGEE,74401,MUSKOGEE,dispensaries,
FLOWER POWER DISPENSARY LLC ,DAAA-EJRL-TKKK,SHAWN_GANDY@YAHOO.COM,9185198010,MUSKOGEE,74401,MUSKOGEE,dispensaries, FLOWER POWER DISPENSARY
GREEN HAZE L L C ,DAAA-NJYA-GXRN,GREENHAZE2019@SUDDENLINKMAIL.COM,9184065001,MUSKOGEE,74401,MUSKOGEE,dispensaries, GREEN HAZE L L C
GREENST DISPENSARY ,DAAA-VJTG-JZ56,FIREYRED104@ICLOUD.COM,9183910673,MUSKOGEE,74401,MUSKOGEE,dispensaries,
"JUN GREEN, LLC ",DAAA-VKQ6-XSDE,MATT@STACYLEGALGROUP.COM,4058167228,MUSKOGEE,74401,MUSKOGEE,dispensaries,
"NAVIGATOR LIFE SERVICES, INC. ",DAAA-VJIQ-SRLP,AJMITCHUM88@GMAIL.COM,9183606519,MUSKOGEE,74401,MUSKOGEE,dispensaries, NAVIGATOR LIFE MEDICAL MARIJUANA CO.
NEOK PAIN RELIEF LLC ,DAAA-NYXB-2ZCB,PJ@CBDPLUSUSA.COM,4054175333,MUSKOGEE,74401,MUSKOGEE,dispensaries, LOTUS GOLD
OKIE MMJ AND TRANSPORT SERVICE LLC ,DAAA-VYRZ-GPYB,STEPHEN@OKIEMMJ.COM,9186833733,MUSKOGEE,74401,MUSKOGEE,dispensaries, OKIE MMJ AND TRANSPORT SERVICE
POWELL FARM LLC ,DAAA-NJEN-KDFI,POWELLCOLUMBUS@GMAIL.COM,9186875546,MUSKOGEE,74401,MUSKOGEE,dispensaries, POWELL FARM LLC
SEASONS OF GREENS LLC ,DAAA-VYJI-UJS4,THEADRA@ATT.NET,4058227233,MUSKOGEE,74401,MUSKOGEE,dispensaries, SEASONS OF GREENS LLC
"THE KUSH SHACK, LLC ",DAAA-EJQQ-POZA,INGERJOHNS123@GMAIL.COM,9183601630,MUSKOGEE,74401,MUSKOGEE,dispensaries, THE KUSH SHACK LLC
THE ROYAL TREE LLC ,DAAA-468X-GSMA,JUSTIN@NUVOLECORP.COM,2066050184,MUSKOGEE,74401,MUSKOGEE,dispensaries, EUPHORA
"THE TRUE HEADS CANNABIS CULTIVATION, LLC ",DAAA-NYR1-DDOD,JAMESSTYRES@HOTMAIL.COM,7703694237,MUSKOGEE,74401,MUSKOGEE,dispensaries, THE TRUE HEADS CANNABIS COMPANY
WRIGHT WAY ENTERPISES LLC ,DAAA-PEWH-NDGY,TAMIA.SMITH38@GMAIL.COM,9183605409,MUSKOGEE,74401,MUSKOGEE,dispensaries, TREEHOUSE
ARROWHEAD APOTHECARY DISPENSARY LLC ,DAAA-0QAZ-HJ1K,ANDY.HORLICK@GMAIL.COM,9183518738,MUSKOGEE,74403,MUSKOGEE,dispensaries,
BIG SKY CANNABIS LLC ,DAAA-NKEB-JNVV,LARRY@BIGSKYCANNABIS.CO,9187813799,MUSKOGEE,74403,MUSKOGEE,dispensaries,
"DURAN COMPANY,  LLC ",DAAA-NJPY-FMPC,STEPHANIE.DURAN38@YAHOO.COM,9189100306,MUSKOGEE,74403,MUSKOGEE,dispensaries, SENSIMILLA CANNABIS
"EMERALD CROSS, LLC ",DAAA-4JQP-19SB,RONNIE@GCLEDS.COM,9186160611,MUSKOGEE,74403,MUSKOGEE,dispensaries, NATIVE GRASS DISPENSARY
GN BRIGHT INNOVATIONS LLC ,DAAA-W0OP-BN5S,GNINNOVATIONSOK@GMAIL.COM,5807436030,MUSKOGEE,74403,MUSKOGEE,dispensaries, GREEN NATION
GREEN COUNTRY MEDICAL SOLUTIONS LLC ,DAAA-V1WP-I83Y,GREENCOUNTRYMEDICALSOLUTIONS@GMAIL.COM,9186160611,MUSKOGEE,74403,MUSKOGEE,dispensaries, GREEN COUNTRY MEDICAL SOLUTIONS
GREEN CULTURE LLC ,DAAA-VYQ7-1XAD,UAZHAR@GMAIL.COM,9188991919,MUSKOGEE,74403,MUSKOGEE,dispensaries, GREEN CULTURE MUSKOGEE
JOHNNY D'S LLC ,DAAA-CMRA-X2Q5,JOHNNYSDISPENSARY@GMAIL.COM,9186160300,MUSKOGEE,74403,MUSKOGEE,dispensaries, JOHNNY D'S LLC
JUANA MAMA CANNABIS BOUTIQUE LLC ,DAAA-YAY5-HTRQ,JUANAMAMACANNABISBOUTIQUE@GMAIL.COM,9189518826,MUSKOGEE,74403,MUSKOGEE,dispensaries,
WGC LLC ,DAAA-EYRM-MU0G,LIFTEDSPIRITSMUSKOGEE@GMAIL.COM,9186166419,MUSKOGEE,74403,MUSKOGEE,dispensaries, LIFTED SPIRITS MUSKOGEE
THE TREEHOUSE 41 LLC ,DAAA-4JJ0-CCUB,TAMIA.SMITH38@GMAIL.COM,9183605409,MUSKOGEE,74401,MUSKOGEE,dispensaries, THE TREEHOUSE
220 FARMS LLC ,DAAA-4J1S-4BKV,220FARMS918@GMAIL.COM,9188161922,MUSKOGEE,74401,MUSKOGEE,dispensaries, 420 MAIN DISPENSARY
918 ROOTS LLC ,DAAA-4JK0-LLS7,OK918ROOTS@YAHOO.COM,9187181932,MUSKOGEE,74401,MUSKOGEE,dispensaries, 918 ROOTS
918ROOTS LLC ,DAAA-ALQV-NHBF,BRAD@918ROOTS.COM,9187181932,MUSKOGEE,74403,MUSKOGEE,dispensaries, 918ROOTS LLC
GN 2950 MUSKOGEE 1 INNOVATIONS LLC ,DAAA-UAGX-HGXQ,GNINNOVATIONS12@GMAIL.COM,5807436030,MUSKOGEE,74401,MUSKOGEE,dispensaries, GREEN NATION
CBDP CORPORATION ,DAAA-4JSQ-8KVE,CASEY@THELEAFLIFEOK.COM,4052565010,MUSTANG,73064,CANADIAN,dispensaries, LEAF LIFE DISPENSARY
EMPIRE DISPENSARY INC ,DAAA-XEAT-OA4B,CHARPER@CHRISHARPERLAW.COM,4053590600,MUSTANG,73064,CANADIAN,dispensaries, DOOBIES OF MUSTANG
"HERBAL RELEAF DISPENSARY, LLC ",DAAA-41HV-AIIV,HASHTAG405@YAHOO.COM,4052499837,MUSTANG,73064,CANADIAN,dispensaries," HERBAL RELEAF DISPENSARY, LLC"
INTEGRATED SUPPLY INC. ,DAAA-4JR6-EGIY,WILDHORSEDISPENSARY@GMAIL.COM,4544764775,MUSTANG,73064,CANADIAN,dispensaries, WILD HORSE DISPENSARY
"MUSTANG PATIENT CARE, LLC ",DAAA-RKFL-LFWF,FLIPPINFARMSLLC@GMAIL.COM,5807163344,MUSTANG,73064,CANADIAN,dispensaries, FLIPPIN FARMS
RED DIRT EXPERIENCE LLC ,DAAA-DJ2A-PYDY,RED420DIRT@GMAIL.COM,9723336519,MUSTANG,73064,CANADIAN,dispensaries, RED DIRT EXPERIENCE
"THE HEALTHY LEAF DISPENSARY, LLC ",DAAA-EJM8-HAH1,STACIBH@YAHOO.COM,4056309058,MUSTANG,73064,CANADIAN,dispensaries, THE HEALTHY LEAF DISPENSARY
THE LOUD FLOWER LLC ,DAAA-OSAF-B3QT,WES@THELOUDFLOWER.COM,4053970600,MUSTANG,73064,CANADIAN,dispensaries,
GB MAC INVESTMENTS CORPORATION ,DAAA-ENGX-JER8,HIGHWAY66DISPENSARY@GMAIL.COM,5802140235,NEW CORDELL,73632,WASHITA,dispensaries, GB MAC HIGH WAY 66 - CORDELL
DAVID'S CLOUD LLC ,DAAA-4DZE-38C2,THECLOUD1097@GMAIL.COM,4053142831,NEWALLA,74857,CLEVELAND,dispensaries, DAVID'S CLOUD
BISON WELLNESS CO LLC ,DAAA-VJOV-G33K,BISONCANNABIS@GMAIL.COM,4052135582,NEWCASTLE,73065,OKLAHOMA,dispensaries, BISON CANNABIS CO.
FCH NEWCASTLE LLC ,DAAA-4YOR-IO5W,FULLCIRCLEHEALINGOK@GMAIL.COM,4056375259,NEWCASTLE,73065,MCCLAIN,dispensaries, CBD PLUS USA
"GROUND ZERO DISPENSARY, LLC ",DAAA-GT1I-KSAT,GROUNDZERODISPENSARY11@GMAIL.COM,4053149399,NEWCASTLE,73065,MCCLAIN,dispensaries,
MAIN STREET CANNABIS COMPANY LLC. ,DAAA-0KKB-TJGL,ERIDE929@GMAIL.COM,4053133922,NEWCASTLE,73065,MCCLAIN,dispensaries, MAIN STREET CANNABIS COMPANY
MOM & POP'S CANNABIS SHOP LLC ,DAAA-NYD2-WXON,MNPINFO@MNP420.COM,4054068010,NEWCASTLE,73065,MCCLAIN,dispensaries, MOM & POP'S CANNABIS SHOP
SUNSHINE COOPERATIVE LLC ,DAAA-E1KI-OJQV,THEJOINTOKC@GMAIL.COM,9185579998,NEWCASTLE,73065,MCCLAIN,dispensaries, THE JOINT CANNABIS CLUB
"TOTAL HOLISTIC CARE, INC ",DAAA-4KNK-WTLH,SMCCTRICITY@GMAIL.COM,4052228658,NEWCASTLE,73065,MCCLAIN,dispensaries,
VICE CAPITAL DISPENSARY LLC ,DAAA-K093-DBKM,RYAN.VICE@ICLOUD.COM,4057407926,NEWCASTLE,73065,MCCLAIN,dispensaries, LOTUS GOLD
NATIVE HARVEST LLC ,DAAA-NJKM-RVRH,COURTNEY@OKLAHOMAMOTORCARS.COM,4053178842,NEWCASTLE,73072,MCCLAIN,dispensaries,
AMERICAN CANNABIS 8 LLC ,DAAA-VKT0-NZVW,HEALINGFARMS420@GMAIL.COM,5419443385,NEWCASTLE,73065,MCCLAIN,dispensaries, AMERICAN CANNABIS
1121 DELTA 9 LLC ,DAAA-EKJ9-NNRT,ERIC@JMLER.COM,4052083667,NEWCASTLE,73065,MCCLAIN,dispensaries, NEW+MED CANNABIS COMPANY
"HEMP STATION DISPENSARY, LLC ",DAAA-NJ6L-DRSW,MAGGIEMAGEN@GMAIL.COM,5803043651,NEWKIRK,74647,KAY,dispensaries, HEMP STATION DISPENSARY
INDIGENOUS HEALTH SOLUTIONS LLC ,DAAA-4YFI-6RW3,REBECCA.BARTLETT@OMDEVELOPMENT.ORG,4052354702,NEWKIRK,74647,KAY,dispensaries, INDIGENOUS HEALTH SOLUTIONS LLC
PRIDE OF THE PRAIRIE SUPPLY LLC ,DAAA-DNLV-LSC0,KCJ67KCJ67@ICLOUD.COM,9186041604,NEWKIRK,74647,KAY,dispensaries, PRIDE OF THE PRAIRIE SUPPLY LLC
"MILLER GREENACRES PHARM, LLC ",DAAA-NYDV-JXXZ,MILLERGREENACRESFARMS@GMAIL.COM,4052553045,NICOMA PARK,73066,CLEVELAND,dispensaries, MILLER GREENACRES PHARMS
DOOBIE J'S DISPENSARY LLC ,DAAA-N1U6-YYGM,COBRA1450@SBCGLOBAL.NET,4058209366,NOBLE,73068,CLEVELAND,dispensaries, DOOBIE J'S  DISPENSARY LLC
"ETHOS WELLNESS SOUTH, INC. ",DAAA-69U4-EIVU,HMERCHEN@GMAIL.COM,4058344007,NOBLE,73068,CLEVELAND,dispensaries, ETHOS WELLNESS
NOBLE NECTAR LLC ,DAAA-VYUR-SKGK,PRESTON@THEAFAM.COM,9727572977,NOBLE,73068,NOBLE,dispensaries, NOBLE NECTAR LLC
ROSE ROCK LLC ,DAAA-VYZQ-HD5H,CRYSTAL_FURR@YAHOO.COM,6204826904,NOBLE,73068,CLEVELAND,dispensaries,
THUNDER BUDZ DISPENSARY LLC ,DAAA-N1TB-XOGV,THUNDERBUDZDISPENSARY@GMAIL.COM,4057777680,NOBLE,73068,CLEVELAND,dispensaries, THUNDER BUDZ DISPENSARY
"U S GREEN, LLC ",DAAA-VJ91-U1W8,LINDSEYBUSINESS@HOTMAIL.COM,6267310645,NOBLE,73068,CLEVELAND,dispensaries, N/A
"WHOLEY WHOLISTICS, LLC ",DAAA-BLGA-5GG4,WHOLELYWHOLISTICS@GMAIL.COM,4054960357,NOBLE,73068,CLEVELAND,dispensaries, YUR PLACE
GREENLOVE COMPASSIONATE CARE AND WELLNESS CENTER ,DAAA-VJI4-OOWJ,INFO@GREENLOVEOKLAHOMA.COM,4056171306,NORMAN,73026,CLEVELAND,dispensaries, GREENLOVE COMPASSIONATE CARE AND WELLNESS CENTER
ANP INVESTMENTS LLC ,DAAA-NKFX-SWTS,JESSICACHUMPHREY@YAHOO.COM,4058160420,NORMAN,73069,CLEVELAND,dispensaries, STEADY EDDI 3
"CANNVEST GROUP, LLC ",DAAA-VYZ2-M8K8,INFO@MANGOCANNABIS.COM,2489616160,NORMAN,73069,CLEVELAND,dispensaries, MANGO CANNABIS
CHRONIC SOLUTIONS LLC ,DAAA-EYRS-6UHT,CHRONICSOLUTIONS2018@GMAIL.COM,5804715383,NORMAN,73069,CLEVELAND,dispensaries, CHRONIC SOLUTIONS LLC
"CLUTCH ENTERPRISES, LLC ",DAAA-EKIT-MAE6,DAVE@ALTUMPROVISIONS.COM,2489248437,NORMAN,73069,CLEVELAND,dispensaries,
DTN RETAIL LLC ,DAAA-N1XF-PRGS,JWFISHCITY@GMAIL.COM,4056377272,NORMAN,73069,CLEVELAND,dispensaries, GREEN BUFFALO
FRICK N FRACK ENTERPRISES INC ,DAAA-EJLW-XYJX,VTREENA@YAHOO.COM,4699996285,NORMAN,73069,CLEVELAND,dispensaries, THE CANNA FACTORY
GAFFNEY WORLD LLC ,DAAA-ZTGQ-AGT0,BEEHIGHDISPENSARYANDCANNACAFE@GMAIL.COM,4059245274,NORMAN,73069,CLEVELAND,dispensaries, BEE HIGH DISPENSARY AND CANNA CAFE
"GR COMPANIES OK, LLC ",DAAA-N1SX-UJIN,GRASSROOTSOKLAHOMA1@GMAIL.COM,7734597766,NORMAN,73069,CLEVELAND,dispensaries,
"HERBAL HOUSE, LLC ",DAAA-E1TL-QYOP,CLINT@DRILLCOM.US,4055132258,NORMAN,73069,CLEVELAND,dispensaries, HERBAL HOUSE
HG PARTNERS LLC ,DAAA-4Y5R-PEFR,NATASHA@HIGHERGROUNDCANNABIS.CO,4052400869,NORMAN,73069,CLEVELAND,dispensaries,
HW BASS LLC ,DAAA-EKXF-7ICH,JWFISHCITY@GMAIL.COM,4056377272,NORMAN,73069,CLEVELAND,dispensaries, GREEN BUFFALO
JHW RETAIL OK LLC ,DAAA-4YJY-9PDW,JWFISHCITY@GMAIL.COM,4056377272,NORMAN,73069,CLEVELAND,dispensaries, GREEN BUFFALO
"KB STRATEGIES, LLC ",DAAA-E1FH-YWWB,MICHAELKYLEPARKER@GMAIL.COM,5809162535,NORMAN,73069,CLEVELAND,dispensaries, MEDICINAL MARIJUANA OF NORMAN
KSPM MEDICAL LLC ,DAAA-EKLI-OTDD,SHAWNPMH88@YAHOO.COM,4054732662,NORMAN,73069,CLEVELAND,dispensaries, CBD PLUS USA
KSPM MEDICAL LLC ,DAAA-E1CT-JKOP,SHAWNPMH88@YAHOO.COM,4054732662,NORMAN,73069,CLEVELAND,dispensaries, CBD PLUS USA
MCD WELLNESS SOCIETY LLC ,DAAA-VYQI-OO11,ADMIN@THEGRATEFULBUD.COM,4052495644,NORMAN,73069,CLEVELAND,dispensaries, THE GRATEFUL BUD DISPENSARY
NATIVE HARVEST LLC ,DAAA-4YG4-0ZIB,MARTYL@BIGREDSPORTS.COM,4052346525,NORMAN,73069,CLEVELAND,dispensaries,
"RED DIRT GREEN, LLC. ",DAAA-EJPM-5GTD,MIDWESTCITYSHAWN@AOL.COM,4055895416,NORMAN,73069,CLEVELAND,dispensaries,
SUGAR LEAF ,DAAA-4JV6-UEY8,JRJOHN2002@GMAIL.COM,3168060001,NORMAN,73069,CLEVELAND,dispensaries, SUGAR LEAF
THE GREEN JACKPOT LLC ,DAAA-V1QW-MAKW,THEGREENJACKPOT@GMAIL.COM,4694305384,NORMAN,73069,CLEVELAND,dispensaries, MEDS & WARES
"THE OTHER JOINT LLC, CO. ",DAAA-NKGF-N0SK,LEEM19952235@GMAIL.COM,4055439193,NORMAN,73069,CLEVELAND,dispensaries,
THE PHARMHOUSE CANNABIS COMPANY LLC ,DAAA-N1JM-2WP4,VALLEYGIRLTX@GMAIL.COM,8175210224,NORMAN,73069,CLEVELAND,dispensaries, THE PHARMER'S MARKET ON LINDSEY
THE ROYAL TREE LLC ,DAAA-NYLL-0CGW,JJWILDHABER@GMAIL.COM,2066050841,NORMAN,73069,CLEVELAND,dispensaries, EUPHORA MODERN WELLNESS
"THE SMELLY CLOUD, LLC ",DAAA-NYYP-CYKQ,MIKEARNETT1@GMAIL.COM,4057670522,NORMAN,73069,CLEVELAND,dispensaries,
"VERTICA ORGANICS, LLC ",DAAA-4Y2I-FYA8,CDCARTER@CRAIGCARTERASSOCIATES.COM,4058238107,NORMAN,73069,CLEVELAND,dispensaries, VERTICA
ZIGGYZ DISPENSARIES LLC ,DAAA-NJKF-YYQH,ARMORY13TH@HOTMAIL.COM,4058207912,NORMAN,73069,CLEVELAND,dispensaries, ZIGGYZ DISPENSARIES
BELLA FLORES MARIJUANA DISPENSARY LLC ,DAAA-NYDZ-NTNK,DANKSWELLNESSNORMAN@GMAIL.COM,9185045817,NORMAN,73071,CLEVELAND,dispensaries, DANK'S WELLNESS EMPORIUM
BUDDIES CANNABIS LLC ,DAAA-NYM4-GVBS,CBDWORLDUSA@GMAIL.COM,4055132080,NORMAN,73071,CLEVELAND,dispensaries, BUDDIES CANNABIS CO.
"DENT MANAGEMENT, LLC ",DAAA-FYZT-KJHA,KBEARD1183@GMAIL.COM,4055107444,NORMAN,73071,CLEVELAND,dispensaries, TOKELAHOMA'S FINEST
DESERT HYBRID LLC ,DAAA-RJCZ-YLZ0,STEVE@NEWCALL.US,4054208230,NORMAN,73071,CLEVELAND,dispensaries, KURE CANNABIS CO.
"DISPO, LLC ",DAAA-NYY0-9Q4Y,GOLDENDOVEOK@GMAIL.COM,2485041852,NORMAN,73071,CLEVELAND,dispensaries,
DIZORY LLC ,DAAA-EYR5-HMEW,GREENPLUSMOORE@GMAIL.COM,4059629401,NORMAN,73071,CLEVELAND,dispensaries,
"FRIENDLY MARKET, INC. ",DAAA-4KPF-DNDU,FRIENDLY.PARADIGM@GMAIL.COM,4053649898,NORMAN,73071,CLEVELAND,dispensaries, FRIENDLY MARKET
"G.O.A.T. ORGANICS, LLP ",DAAA-4J9L-ZBI7,KWILBANKS@405METAL.COM,4057011075,NORMAN,73071,CLEVELAND,dispensaries, STEEL HOUSE ORGANICS
"GLC NORMAN, LLC ",DAAA-4KVO-ETYW,GREENLEAFCANNACO@GMAIL.COM,4052494675,NORMAN,73071,MCCLAIN,dispensaries, GREEN LEAF CANNABIS
HILEVATION LLC ,DAAA-Y3YN-QF4K,HILEVATION@GMAIL.COM,5134315654,NORMAN,73071,CLEVELAND,dispensaries, TLC CANNABIS
"KCS, LLC ",DAAA-4YJP-P59N,KCAMP46@GMAIL.COM,4054962611,NORMAN,73071,CLEVELAND,dispensaries, THE GRASS SHACK
LIT LEAF LLC ,DAAA-4JVU-4HXG,CSISERVICESOKC@GMAIL.COM,4054569997,NORMAN,73071,CLEVELAND,dispensaries,
"MABS MARKET, LLC ",DAAA-4JHG-ONKO,MABSNATURALSOLUTIONS@GMAIL.COM,4054209013,NORMAN,73071,CLEVELAND,dispensaries, MABS MARKET
MR. GREEN LLC ,DAAA-N1JJ-WFNH,ARABRITO0788.AB@GMAIL.COM,4058218366,NORMAN,73071,CLEVELAND,dispensaries,
THE GAS STATION INC. ,DAAA-N1CU-QK5Y,ADMIN@LIFEORGANICS.NET,9402059069,NORMAN,73071,CLEVELAND,dispensaries, THE GAS STATION INC.-  LIFE ORGANICS
"TRIFECTA FARMS, LLC ",DAAA-8ZGM-MDAT,VINCENT1107@AOL.COM,4052231078,NORMAN,73071,CLEVELAND,dispensaries," TRIFECTA FARMS, LLC"
UWD OK LLC ,DAAA-4K8Y-KZF1,UWDOK1@GMAIL.COM,4059239734,NORMAN,73071,CLEVELAND,dispensaries, UWD
BACKDOOR DISPENSARY LLC ,DAAA-TRRY-WART,DOBBINS.C@GMAIL.COM,4054092013,NORMAN,73072,CLEVELAND,dispensaries, BACKDOOR DISPENSARY
DR. DAVE INC. ,DAAA-BPES-EW3S,NEXTELEVATION2@GMAIL.COM,4056305386,NORMAN,73072,CLEVELAND,dispensaries, NEXT ELEVATION
GREEN MEDICAL PATIENTS LLC ,DAAA-HWYE-7WLN,CHRIS@GREENDOC420.COM,2546308556,NORMAN,73072,CLEVELAND,dispensaries, GREENDOCTOR 420
JHWOK LLC ,DAAA-4J0Z-YQZW,JWFISHCITY@GMAIL.COM,4056377272,NORMAN,73072,CLEVELAND,dispensaries, GREEN BUFFALO
KSPM MEDICAL LLC ,DAAA-N1BC-INFV,SHAWNPMH88@YAHOO.COM,4054732662,NORMAN,73072,CLEVELAND,dispensaries, CBD PLUS USA
MJ WELLNESS LLC ,DAAA-V1WV-RCNF,HONEYPOTNORMAN@GMAIL.COM,4057409831,NORMAN,73072,CLEVELAND,dispensaries, THE HONEYPOT SHOP
SOOTHE LLC ,DAAA-41Z1-JIAQ,SAM003@ME.COM,4056005241,NORMAN,73072,CLEVELAND,dispensaries, HI ROOTS
SUB HC LUV LLC ,DAAA-VYMD-HLCL,SUPERBHERBCO1@GMAIL.COM,4054569552,NORMAN,73072,CLEVELAND,dispensaries, SUPERB HERB CO
THE GAS STATION INC. ,DAAA-4YHC-3TPP,JIM@EIM.IO,9402059069,NORMAN,73072,CLEVELAND,dispensaries, LIFE ORGANICS RETAIL INC.
"THE GOOD PLACE, LLC ",DAAA-VKLL-RGT6,JAVARGIN@GMAIL.COM,4053879487,NORMAN,73072,CLEVELAND,dispensaries," THE GOOD PLACE, LLC"
NORMAN EMPORIUM #1 CORPORATION ,DAAA-NJ8F-1CY0,KERRYDANKSWELLNESS@GMAIL.COM,4059687769,NORMAN,73026,CLEVELAND,dispensaries, PRIMETIME CANNABIS
"CANNABLESS RETAIL 1, LLC ",DAAA-NYAK-6PGB,EVICTORNGO@GMAIL.COM,4056354814,NORMAN,73071,CLEVELAND,dispensaries, CANNABLESS RETAIL 1
"CANNABLESS RETAIL 2, LLC ",DAAA-4YFM-APGW,EVICTORNGO@GMAIL.COM,4056354814,NORMAN,73072,CLEVELAND,dispensaries, CANNABLESS RETAIL 2
ALTCARE 8 LLC ,DAAA-NYAR-D13D,PAUL@FIRELEAFOK.COM,4054760908,NORMAN,73072,CLEVELAND,dispensaries, FIRE LEAF
CANNABLESS RETAIL 11 LLC ,DAAA-40QI-VF4P,EVICTORNGO@GMAIL.COM,4056354814,NORMAN,73069,CLEVELAND,dispensaries, CANNABLESS
CANNABLESS RETAIL 12 LLC ,DAAA-QXI0-ZUB5,CSISERVICESOKC@GMAIL.COM,4054569997,NORMAN,73069,CLEVELAND,dispensaries, CANNABLESS RETAIL 12
46 RELEAF NO 3 LLC ,DAAA-EYPV-OOZ0,MCCOYDEVIN@YAHOO.COM,5178628692,NORMAN,73071,CLEVELAND,dispensaries, 46 RELEAF
C AND O 168 LLC ,DAAA-VKJY-ZTLU,MATT@STACYLEGALGROUP.COM,4058167228,NORMAN,73069,CLEVELAND,dispensaries,
"541 SOUTH UNIVERSITY, LLC ",DAAA-4JSH-0NRO,INFO@OKIEKUSHCLUB.COM,4053204172,NORMAN,73069,CLEVELAND,dispensaries, OKIE KUSH CLUB
SB 1207 12TH AVE NE LLC ,DAAA-HW7P-A56R,JORDANJ@STARBUDS.US,4058088726,NORMAN,73071,CLEVELAND,dispensaries,
"K'S LIL FARMA, LLC ",DAAA-EJD3-JPKQ,CKCCMAC@GMAIL.COM,9189770265,NOWATA,74048,NOWATA,dispensaries,
NATIVE MEDICINE LTD. CO. ,DAAA-EJSC-X3QH,NATIVEMEDICINE918@GMAIL.COM,9184670467,NOWATA,74048,NOWATA,dispensaries, NATIVE MEDICINE LTD CO
DRAGONFLY CANNABIS COMPANY LLC ,DAAA-CJJC-RWXN,DRAGONFLYCANNABISCO@GMAIL.COM,9185103430,OILTON,74052,CREEK,dispensaries, DRAGONFLY CANNABIS CO.
"BLAZIN OKIE'S, LLC ",DAAA-BTF9-BYVJ,NATHAN.MEDICANNOK@GMAIL.COM,4058866783,OKARCHE,73762,KINGFISHER,dispensaries," BLAZIN OKIE'S, LLC"
LAKEVIEW DISPENSARY ,DAAA-EJ5I-T7LS,LAKEVIEWDISPENSARY@GMAIL.COM,9187812421,OKAY,74446,WAGONER,dispensaries, LAKEVIEW DISPENSARY
DC FARMS ,DAAA-8D6F-PE5G,T.A.L.FARMS@ICLOUD.COM,5808225806,OKEENE,73763,MAJOR,dispensaries, BFE
DEEP ROOTS DISPENSARY LLC ,DAAA-NKH7-XMSN,HEATHERFITZ@ME.COM,4056200590,OKEMAH,74859,OKFUSKEE,dispensaries, DEEP ROOTS DISPENSARY
LINEAGE FARMS LLC ,DAAA-4KQD-BF4W,JIMMY.DENNIS0127@GMAIL.COM,9186060127,OKEMAH,74859,OKFUSKEE,dispensaries,
SHE'S UR GUY VENTURES INC ,DAAA-4KJA-0VOX,SHESURGUY@YAHOO.COM,9186238071,OKEMAH,74859,OKFUSKEE,dispensaries, MARISA'S BLOOM ROOM
STRESS RELEAF CANNABIS CO. ,DAAA-4JXM-ALDX,STRESSRELEAFLLP@GMAIL.COM,4056951868,OKEMAH,74859,OKFUSKEE,dispensaries, STRESS RELEAF CANNABIS CO.
THE CRYSTAL LEAF LLC ,DAAA-QBFC-UF48,MATTTUCKER.NAH@GMAIL.COM,9186236200,OKEMAH,74859,OKFUSKEE,dispensaries, THE CRYSTAL LEAF
ALL CITY PLUG HEAD QUARTERS ,DAAA-EK2K-INIO,WALLS@ALLCITYPLUG.COM,4057248871,OKLAHOMA CITY,73102,OKLAHOMA,dispensaries," ALL CITY PLUG, LLC"
"GR COMPANIES OK, LLC ",DAAA-EKRW-QGHT,GRASSROOTSOKLAHOMA1@GMAIL.COM,7734597766,OKLAHOMA CITY,73102,OKLAHOMA,dispensaries,
LIVING LEAF LLC ,DAAA-4K3G-PDMP,LIVINGLEAFDISPENSARY@GMAIL.COM,2548551800,OKLAHOMA CITY,73102,OKLAHOMA,dispensaries, LIVING LEAF
"MIDTOWN MEDICINAL DISPENSARY, LLC ",DAAA-4KNN-PPW5,AMANDALEIGHDICKINSON@GMAIL.COM,4053151610,OKLAHOMA CITY,73102,OKLAHOMA,dispensaries, MIDTOWN MEDS
"RICH VENTURES, LLC. ",DAAA-DD9Z-DTO0,JEFFCASSONDRARICHARDS@GMAIL.COM,4056425945,OKLAHOMA CITY,73102,OKLAHOMA,dispensaries, FLIGHTS
"VALLEE, LLC ",DAAA-H5TU-WLLC,WILL.CHRISTIAN@VALECANNABISCO.COM,9038708301,OKLAHOMA CITY,73102,OKLAHOMA,dispensaries," VALE CANNABIS, CO."
"ALS DISPENSARY, LLC ",DAAA-NKYX-TV3J,ALGAG.OKLA@GMAIL.COM,9038149494,OKLAHOMA CITY,73103,OKLAHOMA,dispensaries,
"DEDICATED WELLNESS, LLC ",DAAA-EY27-8OXE,DEDICATED.GROWERS.OK@GMAIL.COM,3052196312,OKLAHOMA CITY,73103,OKLAHOMA,dispensaries,
HERBAN LEGENDS PHARMACY LLC ,DAAA-V1IS-GSBZ,HERBAN.LEGENDS.OK@GMAIL.COM,5304404065,OKLAHOMA CITY,73103,OKLAHOMA,dispensaries,
THE MEDICINE POUCH LLC ,DAAA-5XPN-YN3W,THEMEDICINEPOUCH.ADA@GMAIL.COM,5803200487,ATOKA,74525,ATOKA,dispensaries, THE MEDICINE POUCH
THE PEACE PIPE ,DAAA-EYGL-V4UP,RPSZ472@SBCGLOBAL.NET,2144714037,ATOKA,74525,ATOKA,dispensaries,
GREEN HEART MEDS LLC ,DAAA-OBYX-RBWF,CLX918@GMAIL.COM,9184070116,BARNSDALL,74002,OSAGE,dispensaries, GREEN HEART MEDS LLC
J&J MEDCO LLC ,DAAA-0OQJ-I2WY,JSMITH755871@GMAIL.COM,9789784327,BARNSDALL,74002,OSAGE,dispensaries, J&J MEDCO LLC
WADE MCWILLIAMS D/B/A A & J'S BUD SHOP ,DAAA-BSBH-MHRR,WRMCWILL@GMAIL.COM,9186372433,BARNSDALL,74002,OSAGE,dispensaries, A & J'S BUD SHOP
"BEST WEED STORE, LLC ",DAAA-NJMV-UDTB,DENISECPARKS@YAHOO.COM,5172027969,BARTLESVILLE,74003,WASHINGTON,dispensaries,
"DANK MEDIC, LLC ",DAAA-VKDI-X9RO,DANKMEDIC918@OUTLOOK.COM,4055350344,BARTLESVILLE,74003,WASHINGTON,dispensaries, DANK MEDIC
FLIPPIN FARMS OF BARTLESVILLE LLC ,DAAA-41AY-MC3U,FLIPPINFARMSLLC@GMAIL.COM,2252532267,BARTLESVILLE,74003,WASHINGTON,dispensaries, FLIPPIN FARMS OF BARTLESVILLE
HEALTHY HEMPTATIONS LLC ,DAAA-4J5T-BQ9D,HEALTHYHEMPTATION@GMAIL.COM,9186946965,BARTLESVILLE,74003,WASHINGTON,dispensaries, HEALTHY HEMPTATIONS
T..A.G. MMJ LLC ,DAAA-ETD2-5S24,ETTRUCKS84@GMAIL.COM,9188862324,BARTLESVILLE,74003,WASHINGTON,dispensaries, T.A.G. MMJ LLC #2
BUD BROTHERS COUGHY SHOP LLC ,DAAA-V1JI-JANA,BILL@BUDBROTHERSCOUGHYSHOP.COM,6203091421,BARTLESVILLE,74006,WASHINGTON,dispensaries," BUD BROTHERS COUGHY SHOP, LLC"
GARDEN CITY VENTURES INC. ,DAAA-V18U-TIGE,LASIARSHAD@GMAIL.COM,2813098908,BARTLESVILLE,74006,WASHINGTON,dispensaries, NIRVANA DISPENSARY
GAS ROOM DISPENSARY ,DAAA-E1ON-G3IZ,GASROOM2546@GMAIL.COM,9185196667,BARTLESVILLE,74006,WASHINGTON,dispensaries, GAS ROOM DISPENSARY
GREENLEAF SOLUTIONS LLC ,DAAA-N19E-HGTP,BRIAN@SUNSTONE.ONE,9189479163,BARTLESVILLE,74006,WASHINGTON,dispensaries, GREENLEAF SOLUTIONS LLC
"HIGH ROLLER INVESTMENTS, INC ",DAAA-NYDK-UDPK,ROBIN@CBDPLUSUSA.COM,9189355643,BARTLESVILLE,74006,TULSA,dispensaries,
"HONEY CREEK CANNABIS, LLC ",DAAA-NYOP-FYZV,GRIFF3K@GMAIL.COM,4052278381,OKLAHOMA CITY,73103,OKLAHOMA,dispensaries," HONEY CREEK CANNABIS, LLC"
"IT'S GOE TIME, LLC. ",DAAA-K1O4-PMWE,DANARGOE@YAHOO.COM,9099083492,OKLAHOMA CITY,73103,OKLAHOMA,dispensaries, MIDWEST CURES
KUSH & O'JUICE LLC ,DAAA-NAXL-0I4J,KUSHANDOJUICEOKC@GMAIL.COM,2149230977,OKLAHOMA CITY,73103,OKLAHOMA,dispensaries, KUSH & O'JUICE
"LOGAN DISPENSARY, LLC ",DAAA-412Y-ELXR,LOGAN.ENTERTAINMENT.OK@GMAIL.COM,7206297966,OKLAHOMA CITY,73103,OKLAHOMA,dispensaries,
OK PLANT BASED THERAPY LLC ,DAAA-NYTS-RI6B,BCOSTA@JBEINDUSTRIES.COM,9416856064,OKLAHOMA CITY,73103,OKLAHOMA,dispensaries, OK PLANT BASED THERAPY LLC
"OKLAHOMA JONES DISPENSARY, LLC ",DAAA-EYFK-VIMB,JONES.ENTERTIANMENT.OK@GMAIL.COM,7206297966,OKLAHOMA CITY,73103,OKLAHOMA,dispensaries,
"SUPERIOR DISPENSARIES, LLC ",DAAA-NYLO-JPHY,SUPERIOR.OPERATING.COMPANY@GMAIL.COM,2103864038,OKLAHOMA CITY,73103,OKLAHOMA,dispensaries,
"THC THE HEALING CANNABIS, LLC ",DAAA-EKWA-0YTM,MIKEARNETT1@GMAIL.COM,4057670522,OKLAHOMA CITY,73103,OKLAHOMA,dispensaries,
THE PASEO CANNABIS COLLECTIVE LLC ,DAAA-Y6J0-ATS9,JESCOBAR302001@YAHOO.COM,4054178305,OKLAHOMA CITY,73103,OKLAHOMA,dispensaries,
TUMBLEWEED OK DISPENSARY FOUR LLC ,DAAA-NKAW-UEAQ,RB.VENDING.OKLAHOMA@GMAIL.COM,9522377462,OKLAHOMA CITY,73103,OKLAHOMA,dispensaries,
TUMBLEWEED OK DISPENSARY ONE LLC ,DAAA-V17E-WNAC,RB.VENDING.OKLAHOMA@GMAIL.COM,9522377462,OKLAHOMA CITY,73103,OKLAHOMA,dispensaries,
TUMBLEWEED OK DISPENSARY THREE LLC ,DAAA-EJIP-VT9W,RB.VENDING.OKLAHOMA@GMAIL.COM,9522377462,OKLAHOMA CITY,73103,OKLAHOMA,dispensaries,
TUMBLEWEED OK DISPENSARY TWO LLC ,DAAA-NJQA-V4T9,RB.VENDING.OKLAHOMA@GMAIL.COM,9522377462,OKLAHOMA CITY,73103,OKLAHOMA,dispensaries,
TUMBLWEED OK DISPENSARY FIVE LLC ,DAAA-EJSI-EA9D,RB.VENDING.OKLAHOMA@GMAIL.COM,9522377462,OKLAHOMA CITY,73103,OKLAHOMA,dispensaries,
WECANN DISPENSARY LLC ,DAAA-VKJ9-TVHK,TJB.SERVICES.OK@GMAIL.COM,9144716169,OKLAHOMA CITY,73103,OKLAHOMA,dispensaries,
WELL GREENS BROADWAY LLC ,DAAA-VJXC-D9Q8,MANAGEMENT@WELLGREENSOKC.COM,2485901161,OKLAHOMA CITY,73103,OKLAHOMA,dispensaries, WELL GREENS
COMPASSIONATE CARE BRICKTOWN LLC ,DAAA-NJYK-HRMO,CHRIS@STARBUDS.US,3039479164,OKLAHOMA CITY,73104,OKLAHOMA,dispensaries, COMPASSIONATE CARE BRICKTOWN LLC
"CORNER BOOTH, LLC ",DAAA-VKIQ-HBYV,JUSTIN@CHILLDISPENSARY.COM,4053712693,OKLAHOMA CITY,73104,OKLAHOMA,dispensaries, CHILL DISPENSARY
ELECTRA BRANDS LLC ,DAAA-N1Y4-QI2T,RICKI@LIBERTYHEALS.COM,4847975950,OKLAHOMA CITY,73104,OKLAHOMA,dispensaries, ELECTRALEAF
"GR COMPANIES OK, LLC ",DAAA-NKZJ-SMEO,GRASSROOTSOKLAHOMA1@GMAIL.COM,7734597766,OKLAHOMA CITY,73104,OKLAHOMA,dispensaries,
KAVAS LLC ,DAAA-N1KC-THNB,DAWN@GREENSUNSHINE.LOVE,5418526159,OKLAHOMA CITY,73104,OKLAHOMA,dispensaries, GREEN SUNSHINE
"OKLADISPO BRICKTOWN, LLC ",DAAA-4KAX-6Q18,BLAKE@THEPEAKOK.COM,4055340005,OKLAHOMA CITY,73104,OKLAHOMA,dispensaries, THE PEAK BRICKTOWN DISPENSARY
"THC THE HEALING CANNABIS, LLC ",DAAA-4YYP-PFY7,MIKEARNETT1@GMAIL.COM,4057670522,OKLAHOMA CITY,73104,OKLAHOMA,dispensaries,
KISSING CLOUDS HOLISTIC HEALING LLC ,DAAA-4YGO-QWPO,KISSINGCLOUDSOKC@GMAIL.COM,4054439252,OKLAHOMA CITY,73105,OKLAHOMA,dispensaries, KISSING CLOUDS HOLISTIC HEALING LLC
THE GOOD COMPANY PROCESSING LLC ,DAAA-EJ00-QLFB,WES@PORTFOLIODENVER.COM,3036016159,OKLAHOMA CITY,73105,OKLAHOMA,dispensaries,
ALCHEMY GOLD HEALING LLC ,DAAA-E1BO-QI4S,ALCHEMYGOLDHEALING@GMAIL.COM,4054768577,OKLAHOMA CITY,73106,OKLAHOMA,dispensaries, ALCHEMY GOLD HEALING
"C.A GREEN, LLC ",DAAA-V1ZN-L9PB,LINDSEYBUSINESS@HOTMAIL.COM,2145586951,OKLAHOMA CITY,73106,OKLAHOMA,dispensaries,
"CLASSEN APOTHECARE, LLC ",DAAA-E1QX-WTNC,CLASSENAPOTHECARE@GMAIL.COM,4056737611,OKLAHOMA CITY,73106,OKLAHOMA,dispensaries, CLASSEN APOTHECARE
CLASSEN KUSH HOUSE LLC ,DAAA-4KPD-EHSH,CLASSENKUSHHOUSE@GMAIL.COM,3162144613,OKLAHOMA CITY,73106,OKLAHOMA,dispensaries,
CVLTIVATION CLVB LLC ,DAAA-N1BS-TEAD,JACKIE@CULTIVATIONCLUB.COM,4055704849,OKLAHOMA CITY,73106,OKLAHOMA,dispensaries, CVLTIVATION CLVB LLC
ENDO LLC ,DAAA-4KY5-BIYD,ENDOCANNABISGROUP@GMAIL.COM,4058169739,OKLAHOMA CITY,73106,OKLAHOMA,dispensaries,
GEOFOX LLC ,DAAA-4KIR-ATYH,CORBIN@LIKEWISECANNABIS.COM,4052028656,OKLAHOMA CITY,73106,OKLAHOMA,dispensaries, LIKEWISE CANNABIS
GREEN TOKEN OKLAHOMA LLC ,DAAA-E1FE-U4OI,STERLING@ATC-COATING.COM,4059248729,OKLAHOMA CITY,73106,OKLAHOMA,dispensaries,
HIGH VOLTAGE CANNABIS CO LLC ,DAAA-VKXJ-NIQY,MHORNER05@GMAIL.COM,4055011126,OKLAHOMA CITY,73106,OKLAHOMA,dispensaries, HIGH VOLTAGE DISPENSARY
"LOVE BUDZ, LLC ",DAAA-41HR-Z6AH,KOOL102003@YAHOO.COM,4052501877,OKLAHOMA CITY,73106,OKLAHOMA,dispensaries," LOVE BUDZ, LLC"
"M.A.T WELLNESS CENTER, LLC ",DAAA-NKIX-NA2O,TOVERMILLER@GMAIL.COM,2257725836,OKLAHOMA CITY,73106,OKLAHOMA,dispensaries, PLANTMED
NATURAL DREAMS CANNABIS SOLUTIONS LLC ,DAAA-E12O-D9AH,NATURALDREAMSCANNABIS@GMAIL.COM,4056416261,OKLAHOMA CITY,73106,OKLAHOMA,dispensaries, NATURAL DREAMS
OKC BUD WORX DISPENSARY LLC ,DAAA-EKUY-PM2U,REGINA550@SBCGLOBAL.NET,4052251372,OKLAHOMA CITY,73106,OKLAHOMA,dispensaries, OKC BUD WORX DISPENSARY
PEAK GREEN WELLNESS LLC ,DAAA-VYBH-SFPP,THEMRY@AOL.COM,3037263099,OKLAHOMA CITY,73106,OKLAHOMA,dispensaries, THE EMERALD ALLEY DISPENSARY
THE CLASSEN COLLECTIVE LLC ,DAAA-EJ4M-F4VY,JAY@THECLASSENCOLLECTIVE.COM,4056597042,OKLAHOMA CITY,73106,OKLAHOMA,dispensaries, THE CLASSEN COLLECTIVE
THE GREEN BAG INC ,DAAA-4JR3-VQTF,SAMANTHA.RICHARDSON75@GMAIL.COM,4058868112,OKLAHOMA CITY,73106,OKLAHOMA,dispensaries, NEVERLAND'S GYPSI
TOKEN FLYER LLC ,DAAA-VKGX-4E8W,STACY.PERCIVAL@YAHOO.COM,2532267186,OKLAHOMA CITY,73106,OKLAHOMA,dispensaries, GREEN TOKEN OKLAHOMA
BEST BUDZ CANNIBUS DISPENSARY LLC ,DAAA-E1VK-NQYX,BESTBUDZDISPENSARY@YAHOO.COM,4059466283,OKLAHOMA CITY,73107,OKLAHOMA,dispensaries, BEST BUDZ DISPENSARY LLC
"CITY OF TREES, LLC ",DAAA-VKXW-V6WE,ACSTRAHAN@YAHOO.COM,9169438723,OKLAHOMA CITY,73107,OKLAHOMA,dispensaries, THE HERBAL CONNOISSEUR
DMBE LLC ,DAAA-EKHO-QAZZ,TBROWN591944@GMAIL.COM,4053434586,OKLAHOMA CITY,73107,OKLAHOMA,dispensaries, KURE COLLECTIVE
FUNNY FARMS DISPENSARY LLC ,DAAA-NJYQ-PIKC,PIXELPERFECT4SEASONS@GMAIL.COM,7206309010,OKLAHOMA CITY,73107,OKLAHOMA,dispensaries, FUNNY FARM
"GAIA""S FAVOR LLC ",DAAA-VYSS-ADQU,SCARSONATOR@GMAIL.COM,4056406886,OKLAHOMA CITY,73107,OKLAHOMA,dispensaries,
GANS INC ,DAAA-4KYD-JVAH,ROBERT_GANS@YAHOO.COM,4054101603,OKLAHOMA CITY,73107,OKLAHOMA,dispensaries, TRICHOMES
GREEN BOX DISPENSARY LLC ,DAAA-VYHO-PMVQ,DORISC20@GMAIL.COM,4054744603,OKLAHOMA CITY,73107,OKLAHOMA,dispensaries, GREEN BOX DISPENSARY LLC
"GREEN OPTIONS MEDICAL, LLC ",DAAA-4YRG-SJOV,JERRYCAUGHMAN@GMAIL.COM,4057575133,OKLAHOMA CITY,73107,OKLAHOMA,dispensaries, 23RD STREET DISPENSARY
GREEN ROOTS WELLNESS LLC ,DAAA-NKY8-JWVS,JBATTE@BJJVENTURES.COM,4023096125,OKLAHOMA CITY,73107,OKLAHOMA,dispensaries, GREEN ROOTS WELLNESS
"HAZY LEAF, LLC ",DAAA-4YKM-16QD,SHOPHAZYLEAF@GMAIL.COM,4057956888,OKLAHOMA CITY,73107,OKLAHOMA,dispensaries, HAZY LEAF
"HUY GREEN, LLC ",DAAA-EJNW-IHCM,MATT@STACYLEGALGROUP.COM,4058167228,OKLAHOMA CITY,73107,OKLAHOMA,dispensaries,
JP BIZZ LLC ,DAAA-EJTJ-OJQE,STEADYEDDILLC2@GMAIL.COM,4058160420,OKLAHOMA CITY,73107,OKLAHOMA,dispensaries, STEADY EDDI 2
MAC GOODFELLAS LIMITED LLC ,DAAA-4KML-SHSU,SNIPERCOOP777@GMAIL.COM,9188398110,OKLAHOMA CITY,73107,OKLAHOMA,dispensaries, HONEYHOLE
"MAC HONEYHOLE LIMITED, LLC ",DAAA-JDFK-ULN3,SNIPERCOOP777@GMAIL.COM,9188398110,OKLAHOMA CITY,73107,OKLAHOMA,dispensaries, N/A
MIRACLE KUSH CANNABIS DISPENSARY LLC ,DAAA-NJUI-48ME,MIRACLEKUSHDISPENSARY@GMAIL.COM,4055701176,OKLAHOMA CITY,73107,OKLAHOMA,dispensaries, MIRACLE KUSH CANNABIS DISPENSARY
ORIGINS CANNABIS OKLAHOMA LLC ,DAAA-NKOH-XCHE,JON@ORIGINSCORPORATE.COM,2069159212,OKLAHOMA CITY,73107,OKLAHOMA,dispensaries,
ORIGINS CANNABIS OKLAHOMA LLC ,DAAA-NYX2-W1Z6,JON@ORIGINSCORPORATE.COM,2069159212,OKLAHOMA CITY,73107,OKLAHOMA,dispensaries,
PROJECT RELEAF LLC ,DAAA-VY7F-BV0C,JCAPPS03@YAHOO.COM,4052037530,OKLAHOMA CITY,73107,OKLAHOMA,dispensaries, PROJECT RELEAF
"ROYAL LEAF CANNABIS DISPENSARY, LLC ",DAAA-N1PF-T4M1,ROYALLEAFCANNABISDISPENSARY@GMAIL.COM,4057248786,OKLAHOMA CITY,73107,OKLAHOMA,dispensaries,
"STRAIIN, LLC ",DAAA-4Y9Y-ADHN,ANTHONY@STRAIIN.COM,4052494800,OKLAHOMA CITY,73107,OKLAHOMA,dispensaries, STRAIIN
SUGAR LEAF ,DAAA-EJBN-XUTA,JRJOHN2002@GMAIL.COM,3168060001,OKLAHOMA CITY,73107,OKLAHOMA,dispensaries, SUGAR LEAF
"THE GRASSLANDS CANNABIS DISPENSARY, LLC ",DAAA-EK95-8LU8,MELISSA@NICETREEDISPENSARY.COM,4054714750,OKLAHOMA CITY,73107,OKLAHOMA,dispensaries, PLEASANT TREE
THE GREEN DAY LLP ,DAAA-RGPG-50SW,RIZVI_NSU@YAHOO.COM,4055121423,OKLAHOMA CITY,73107,OKLAHOMA,dispensaries, THE GREEN DAY
"THE GREENS OF CENTRAL OKLAHOMA, LLC ",DAAA-TNV8-BWNT,KELLYDAWSON1965@GMAIL.COM,4059489150,OKLAHOMA CITY,73107,OKLAHOMA,dispensaries, THE GREENS OF CENTRAL OKLAHOMA
TOP SHELF OKC ,DAAA-VJPK-QRQV,ANDREWJACKSON1105@GMAIL.COM,4058088851,OKLAHOMA CITY,73107,OKLAHOMA,dispensaries,
VICE CAPITAL DISPENSARY LLC ,DAAA-4JHK-XHKP,RYAN.VICE@ICLOUD.COM,4057407926,OKLAHOMA CITY,73107,OKLAHOMA,dispensaries, LOTUS GOLD
WEEDZSTOCK LLC ,DAAA-AONZ-08EY,WEEDZSTOCK@YAHOO.COM,4056139949,OKLAHOMA CITY,73107,OKLAHOMA,dispensaries,
CHRONIC DISPENSARY LLC ,DAAA-IHKY-DO1P,CHRONICDISPENSARY@GMAIL.COM,4054041300,OKLAHOMA CITY,73108,OKLAHOMA,dispensaries,
"EMERALD GROUP, INC. ",DAAA-4KRM-DKJ1,TJ.TINSLEY@EGIOK.COM,7242377691,OKLAHOMA CITY,73108,OKLAHOMA,dispensaries, THE HEALING CLUB
"GREEN GOES, LLC ",DAAA-MZVV-DDHX,DOMMERTS@SBCGLOBAL.NET,4056187338,OKLAHOMA CITY,73108,OKLAHOMA,dispensaries, GREEN GOES CANNABIS COMPANY
GREEN RETAIL SALES LLC ,DAAA-Z00N-AUKD,BNAOKIE@GMAIL.COM,4056270074,OKLAHOMA CITY,73108,OKLAHOMA,dispensaries, EVERYTHING CBD
"TWCC, LLC ",DAAA-4YVY-R7EI,STEPHENWSNOW@YAHOO.COM,8172947574,OKLAHOMA CITY,73108,OKLAHOMA,dispensaries, TUMBLEWEED CANNABIS
"A BETTER SOLUTION UNLIMITED, LLC ",DAAA-N1KJ-6G5S,MP.BISHOP@GMAIL.COM,4054138411,OKLAHOMA CITY,73109,OKLAHOMA,dispensaries,
ADK MANAGEMENT LLC ,DAAA-VYWI-TWLE,CHANHNAM99@GMAIL.COM,4053237777,OKLAHOMA CITY,73109,OKLAHOMA,dispensaries,
BLAZIN BUDZ LLC ,DAAA-EYAJ-LV2L,TMOLIVER28@GMAIL.COM,4058262727,OKLAHOMA CITY,73109,OKLAHOMA,dispensaries, BLAZIN BUDZ LLC
"CANNA COLLECTIVE,  LLC ",DAAA-N1WF-SGA8,LHORN29@GMAIL.COM,7028841398,OKLAHOMA CITY,73109,OKLAHOMA,dispensaries, CANNA SOUTH
"CANNA TONIC, LLC ",DAAA-VJFU-UBUU,FALONLLOYD@YAHOO.COM,4052134906,OKLAHOMA CITY,73109,OKLAHOMA,dispensaries," CANNA TONIC, LLC"
DOOBIE FACTORY LLC ,DAAA-V1QX-LXES,PROVOKEUSMAG@GMAIL.COM,4694715154,OKLAHOMA CITY,73109,OKLAHOMA,dispensaries, TROY KIMBLE
GARDEN OF WEEDEN LLC ,DAAA-VKHP-VEXB,BUTCHERBLOCK4U@GMAIL.COM,4059234019,OKLAHOMA CITY,73109,OKLAHOMA,dispensaries, GARDEN OF WEEDEN
"HOPE AND KINDNESS MANAGEMENT, LLC ",DAAA-4JHD-SNPM,MIKEARNETT1@GMAIL.COM,4057670522,OKLAHOMA CITY,73109,OKLAHOMA,dispensaries,
J&J ESSENTIALS LLC ,DAAA-EKVR-4KGW,CBDWELLNESSOFOK@GMAIL.COM,4052007394,OKLAHOMA CITY,73109,OKLAHOMA,dispensaries, CBD WELLNESS OF OKLAHOMA
NICE LEAF LLC ,DAAA-TQ9S-KNON,REZAFAZEL1894TEH@YAHOO.COM,4052408391,OKLAHOMA CITY,73109,OKLAHOMA,dispensaries, ZIGGYZ PLUS
"REMEDY PR, LLC ",DAAA-4JKH-WXDM,REMEDYCANNABISCO@GMAIL.COM,4052261554,OKLAHOMA CITY,73109,OKLAHOMA,dispensaries, REMEDY CANNABIS CO.
THE GREEN ONION DISPENSARY LLC ,DAAA-EK0H-V2UI,WCHANCE26@GMAIL.COM,4054017187,OKLAHOMA CITY,73109,OKLAHOMA,dispensaries, THE GREEN ONION DISPENSARY
THE HOT BOX DISPENSARY LLC ,DAAA-V1P5-FG4N,THEHOTBOX@GMAIL.COM,4054921946,OKLAHOMA CITY,73109,OKLAHOMA,dispensaries, THE HOT BOX
TRUE HEIGHTS CULTIVATION LLC ,DAAA-VJPJ-PO2D,HAILCHASER006@YAHOO.COM,4057061657,OKLAHOMA CITY,73109,CLEVELAND,dispensaries,
"WHEELER CANNABIS CO, LLC ",DAAA-FCUA-EBOD,IRMASAENZ17@YAHOO.COM,4054877128,OKLAHOMA CITY,73109,OKLAHOMA,dispensaries," WHEELER CANNABIS CO, LLC"
"EUPHORIC LEAF II, LLC ",DAAA-NJ3F-ZGXK,DASSS701@YAHOO.COM,4056412257,OKLAHOMA CITY,73110,OKLAHOMA,dispensaries," EUPHORIC LEAF II, LLC"
THE MAGICAL FORREST MARIJUANA DISPENSARY LLC ,DAAA-EKHA-ZMSW,MAGICALFORRESTDISPENSARY@GMAIL.COM,4059243644,OKLAHOMA CITY,73110,OKLAHOMA,dispensaries, THE MAGICAL FORREST MARIJUANA DISPENSARY LLC
THEURBANPINEAPPLELLC ,DAAA-VY3C-EOBD,KWAGS04@GMAIL.COM,8184483287,OKLAHOMA CITY,73110,OKLAHOMA,dispensaries,
BIG BUDS L.L.C. ,DAAA-VYHU-AKLQ,THEDRUGLAWYER@THEDRUGLAWYER.COM,4058180532,OKLAHOMA CITY,73111,OKLAHOMA,dispensaries, BIG BUDS CANNABIS CO.
C.A.G. MEDICAL DISPENSARY LLC ,DAAA-4YUG-K9T5,DANIEL.BURKLEY32@YAHOO.COM,4059225590,OKLAHOMA CITY,73111,OKLAHOMA,dispensaries, C.A.G. MEDICAL DISPENSARY LLC
"URBAN WELLNESS DISPENSARY, LLC ",DAAA-EJN1-OIGO,FRED@URBAN-WELLNESSDISPENSARY.COM,4059239734,OKLAHOMA CITY,73111,OKLAHOMA,dispensaries, URBAN WELLNESS DISPENSARY
AWOKEN SUPPLIES LLC ,DAAA-4JXD-IBGJ,DANIELROCKWELL@GMAIL.COM,4058226402,OKLAHOMA CITY,73112,OKLAHOMA,dispensaries, WOKE WELLNESS
CANNABIS DREAM WELLNESS INC. ,DAAA-61DO-MOBP,IHABGALILEE@GMAIL.COM,4053614889,OKLAHOMA CITY,73112,OKLAHOMA,dispensaries, CANNABIS DREAM
CONGENINCORPERATED ,DAAA-E1N0-EYAP,CONCENTRATEDGENETICS@GMAIL.COM,7192099004,OKLAHOMA CITY,73112,OKLAHOMA,dispensaries, SOLACE MEDS
EDEN ROSE LLC ,DAAA-VJ7M-INSL,SBRANCH4466@GMAIL.COM,2146030736,OKLAHOMA CITY,73112,OKLAHOMA,dispensaries, EDEN ROSE
ELLISON VENTURES INC ,DAAA-4JYA-UHMD,GREENLEAFSUPPLYOKC@GMAIL.COM,4052103007,OKLAHOMA CITY,73112,OKLAHOMA,dispensaries, GREEN LEAF SUPPLY CO
"EMERALD ZIP, LLC ",DAAA-VJFA-ZC18,JAKE122979@YAHOO.COM,4059249687,OKLAHOMA CITY,73112,OKLAHOMA,dispensaries, ROUTE 66 BUDS DISPENSARY
EXHALLENT ,DAAA-ZMTG-BGIP,NEHEMIEBENONI@GMAIL.COM,4053392985,OKLAHOMA CITY,73112,OKLAHOMA,dispensaries,
FCH NORTH LLC ,DAAA-N1BC-UQUR,FULLCIRCLEHEALINGOK@GMAIL.COM,4056375259,OKLAHOMA CITY,73112,OKLAHOMA,dispensaries,
"JG & MP ENTERPRISES, L.L.C. ",DAAA-V1TD-SSF0,JGUEST1978@YAHOO.COM,4054961827,OKLAHOMA CITY,73112,OKLAHOMA,dispensaries, THE GREEN MILE
OAK LEAF FINE CANNABIS CO LLC ,DAAA-E1NR-063I,DLNOTEWARE@YAHOO.COM,5802317710,OKLAHOMA CITY,73112,OKLAHOMA,dispensaries, OAK LEAF FINE CANNABIS CO.
OKC DISPENSARY LLC ,DAAA-XUCY-GZBU,CHIBBYCHUM@YAHOO.COM,4055410232,OKLAHOMA CITY,73112,OKLAHOMA,dispensaries, OKC DISPENSARY
"ONE BY FIRE, LLC ",DAAA-EYHF-9AYB,ADMIN@KUSABLOOMS.COM,4052093503,OKLAHOMA CITY,73112,OKLAHOMA,dispensaries, KUSA BLOOMS DISPENSARY
"PHYSICIANS' CHOICE CANNABIS DISPENSARY, INC ",DAAA-NJXE-XOV8,STANCUNNINGHAM2000@GMAIL.COM,4058505586,OKLAHOMA CITY,73112,OKLAHOMA,dispensaries,
"PREMIUM MARKETING , LLC. ",DAAA-VKHG-8AZI,JERRY@SILVERLEAF-OK.COM,4057067802,OKLAHOMA CITY,73112,OKLAHOMA,dispensaries, SILVERLEAF SENIOR CANNABIS
SB MAYFAIR LLC ,DAAA-KQRO-QHT2,JAMES@STARBUDS.US,5806821374,OKLAHOMA CITY,73112,OKLAHOMA,dispensaries,
"SIGMA INVESTMENTS, L.L.C. ",DAAA-N1SC-8UO7,DONALD44MOHMED@GMAIL.COM,4058508057,OKLAHOMA CITY,73112,OKLAHOMA,dispensaries,
"STELLAR CANNA COLLECTION, INC ",DAAA-NJNY-LRPI,STELLARCANNA@GMAIL.COM,4054018707,OKLAHOMA CITY,73112,OKLAHOMA,dispensaries,
"STRAIIN, LLC ",DAAA-NJUD-S89U,ANTHONY@STRAIIN.COM,4052494800,OKLAHOMA CITY,73112,OKLAHOMA,dispensaries, STRAIIN
SUNSHINE POWER LLC ,DAAA-VYDN-RY7H,THEJOINTOKC@GMAIL.COM,9185579998,OKLAHOMA CITY,73112,OKLAHOMA,dispensaries, THE JOINT CANNABIS CLUB
U CITIZENZ LTD. CO ,DAAA-V1YC-GWUP,KYLE@UNRULYCITIZENS.COM,4052007343,OKLAHOMA CITY,73112,OKLAHOMA,dispensaries, GRADE A DISPENSARY
WELL GREENS OKC MAY LLC ,DAAA-VYSW-FRCK,FIRAS@WELLGREENSOKC.COM,2485901161,OKLAHOMA CITY,73112,OKLAHOMA,dispensaries, WELL GREENS
ZIGGYZ DISPENSARIES LLC ,DAAA-NKJ5-XZJE,ARMORY13TH@HOTMAIL.COM,4055219999,OKLAHOMA CITY,73112,OKLAHOMA,dispensaries, ZIGGYZ DISPENSARIES
"BAKER ORGANICS, LLC ",DAAA-NKI1-OGPQ,CB@BAKERORGANICSTX.COM,5032691291,OKLAHOMA CITY,73114,OKLAHOMA,dispensaries, PHENO
"ELEVATED HEIGHTS, LLC ",DAAA-9YLD-HU6F,GARDENMANDIRECT@GMAIL.COM,4059221583,OKLAHOMA CITY,73114,OKLAHOMA,dispensaries," ELEVATED HEIGHTS, LLC"
GREEN PEACE INC ,DAAA-EKJ5-PK0W,GREENPEACE405@GMAIL.COM,4052199857,OKLAHOMA CITY,73114,OKLAHOMA,dispensaries, GREEN PEACE INC
GVT GROUP LTD. CO. ,DAAA-NKQE-IZHM,GVTGROUPCO@GMAIL.COM,4055905743,OKLAHOMA CITY,73114,OKLAHOMA,dispensaries,
GVT GROUP LTD. CO. ,DAAA-4K86-KFU2,GVTGROUPCO@GMAIL.COM,4055905743,OKLAHOMA CITY,73114,OKLAHOMA,dispensaries, WAVES CANNABIS COMPANY
HAPPA WELLNESS LLC. ,DAAA-VYQJ-7Q9H,HAPPALLC@GMAIL.COM,3232532238,OKLAHOMA CITY,73114,OKLAHOMA,dispensaries,
HAZY DAISY INC ,DAAA-N1A8-1TRU,ONAMSN@AOL.COM,4056648216,OKLAHOMA CITY,73114,OKLAHOMA,dispensaries, LIT DECISIONZ
HIGHGARDEN DISPENSARY LLC ,DAAA-V1TX-ABCO,INFO@HIGHGARDENOK.COM,4053230105,OKLAHOMA CITY,73114,OKLAHOMA,dispensaries,
LEGAL LIMIT OK LLC ,DAAA-4J07-OFTB,LEGALLIMITOK@GMAIL.COM,4052548814,OKLAHOMA CITY,73114,OKLAHOMA,dispensaries, LEGAL LIMIT OK
PG COLLECTIVE LLC ,DAAA-EKZS-HMO8,P.SANTANA0721@YAHOO.COM,7197760273,OKLAHOMA CITY,73114,OKLAHOMA,dispensaries, PG COLLECTIVE
TMCCMJ HOLDINGS LLC ,DAAA-NJQY-X0EU,JPCVENTURES2018@GMAIL.COM,4058264172,OKLAHOMA CITY,73114,OKLAHOMA,dispensaries, LOTUS GOLD/CBD PLUS USA
"TOP SHELF OKC TWO, LLC ",DAAA-VKEH-EEMF,ANDREWJACKSON1105@GMAIL.COM,4058088851,OKLAHOMA CITY,73114,OKLAHOMA,dispensaries,
TREES MAKE A DIFFERENCE LLC ,DAAA-VYES-1S3W,IVANVADAMS@GMAIL.COM,7135699341,OKLAHOMA CITY,73114,OKLAHOMA,dispensaries, LAGNIAPPE WELLNESS
ZED MED LLC ,DAAA-4JP3-U99V,OKCANNALIFE@GMAIL.COM,4053265204,OKLAHOMA CITY,73114,OKLAHOMA,dispensaries,
THE ROYAL TREE LLC ,DAAA-41QC-XBKT,JJWILDHABER@GMAIL.COM,2066050184,OKLAHOMA CITY,73115,OKLAHOMA,dispensaries, EUPHORA
A’S LOVEBUDZ LLC ,DAAA-VJTM-XAXB,ALOVEBUDZ@GMAIL.COM,4056580630,OKLAHOMA CITY,73116,OKLAHOMA,dispensaries,
B2B VENTURES LLC ,DAAA-41JA-OPSU,KREATE303@GMAIL.COM,7204548253,OKLAHOMA CITY,73116,OKLAHOMA,dispensaries, GREEN ESCAPE
"BLUE ENTERPRISES OKC, INC. ",DAAA-YCKE-IBDR,KAIMBRIWHITE@CLIMB-COLLECTIVE.COM,9034493995,OKLAHOMA CITY,73116,OKLAHOMA,dispensaries, COOKIES
CANNA EXPRESS LLC ,DAAA-4KNZ-6JHU,GHUFFMAN@IWREALTY.COM,4057522525,OKLAHOMA CITY,73116,OKLAHOMA,dispensaries,
CANNAGROW LLC ,DAAA-NY3H-WBSK,JOHNNY@CGLLCOK.COM,9543050078,OKLAHOMA CITY,73116,OKLAHOMA,dispensaries, PHARMACANNA
DTHD RETAIL INC ,DAAA-VJ4V-XZML,CSISERVICESOKC@GMAIL.COM,4054569997,OKLAHOMA CITY,73116,OKLAHOMA,dispensaries, FIREHOUSE CANNABIS CO
"EARTH'S ESSENTIALS, LLC ",DAAA-VQLJ-WG1I,ZARICOLE@ICLOUD.COM,5128847757,OKLAHOMA CITY,73116,OKLAHOMA,dispensaries, YOUR 420 STORE
"GFAW, INC. ",DAAA-NKXF-5M39,GFAW2019@GMAIL.COM,6103121226,OKLAHOMA CITY,73116,OKLAHOMA,dispensaries, GAS FACTORY
GREEN MEDICAL PATIENTS LLC ,DAAA-PGCW-F88U,CHRIS@GREENDOC420.COM,2546308556,OKLAHOMA CITY,73116,OKLAHOMA,dispensaries, GREENDOCTOR 420
"GREEN SEED WELLNESS, LLC ",DAAA-E11Q-SCZV,STEVESGREENSOKC@GMAIL.COM,4055038276,OKLAHOMA CITY,73116,OKLAHOMA,dispensaries,
JHC ENTERPRISES LLC ,DAAA-N1GU-OGZO,ZANE945@GMAIL.COM,9172545151,OKLAHOMA CITY,73116,OKLAHOMA,dispensaries, JHC ENTERPRISE LLC
"LJSLAW, LLC ",DAAA-41OD-EZ9P,GAUTREAUX55@HOTMAIL.COM,4056409210,OKLAHOMA CITY,73116,OKLAHOMA,dispensaries, CURE OKLAHOMA
MARITEQ DISPENSARIES LLC ,DAAA-4KTC-FSXR,MARITEQ@MARITEQMC.COM,9366899222,OKLAHOMA CITY,73116,CLEVELAND,dispensaries, MARITEQ
OUTTAHEAD LLC ,DAAA-VKOY-WNEE,STEPH@SOUTHERNOKCANNACONSULTANTS.COM,4053809566,OKLAHOMA CITY,73116,OKLAHOMA,dispensaries, THE GREEN ROOM CANNABIS COMPANY
PASOLINDO LLC ,DAAA-EJ6K-39DH,LAKEHEFNER@STARBUDS.US,4058754013,OKLAHOMA CITY,73116,OKLAHOMA,dispensaries, STARBUDS
SUGAR LEAF ,DAAA-EJIL-OQXX,JRJOHN2002@GMAIL.COM,3168060001,OKLAHOMA CITY,73116,OKLAHOMA,dispensaries, CALI ROOTS
"THE GREEN COLLECTIVE DISPENSARY, LLC ",DAAA-4YSV-JWKB,TRJRGIES@ATT.NET,4053063414,OKLAHOMA CITY,73116,OKLAHOMA,dispensaries, THE GREEN COLLECTIVE
KESHIA'S KUSH LLC ,DAAA-4KX7-1JGQ,KBLAKES22@YAHOO.COM,4055093006,OKLAHOMA CITY,73117,OKLAHOMA,dispensaries,
PHARMA BOB LLC ,DAAA-JXW6-M33Q,PHARMABOB420@GMAIL.COM,5807611365,BARTLESVILLE,74006,WASHINGTON,dispensaries, GREENFIELDS
RE-UP LLC ,DAAA-VJON-FQKP,REUPDISPENSARY2@GMAIL.COM,9189464588,BARTLESVILLE,74006,WASHINGTON,dispensaries, RE-UP DISPENSARY 2
"SGF, SERIES LLC ",DAAA-VKKE-HP0Y,WILL@SIMPLYGREENFARMACY.COM,4057621596,BARTLESVILLE,74006,OSAGE,dispensaries, SIMPLY GREEN FARMACY
STICKY NICKEL LLC ,DAAA-VKI2-GDKS,OKSTICKYNICKEL@GMAIL.COM,9187662340,BARTLESVILLE,74006,WASHINGTON,dispensaries, STICKY NICKEL
WELLNESS SOLUTIONS INCORPORATED ,DAAA-NY94-RZ18,ISAACHATTER77777@GMAIL.COM,9183322984,BARTLESVILLE,74006,WASHINGTON,dispensaries, ROOTED IN THE VILLE
"ALLEN'S ELECTRIC & CONSTRUCTION, LLC ",DAAA-N1E5-OEJS,GREGALLEN267@GMAIL.COM,9182673681,BEGGS,74421,OKMULGEE,dispensaries, OKLAHOMA GREEN
"LEGACY GREEN, LLC ",DAAA-MVUN-IQIP,LEGACYGREEN918@GMAIL.COM,9182673681,BEGGS,74421,OKMULGEE,dispensaries," LEGACY GREEN, LLC"
"OKAF, INC ",DAAA-VYZK-YEUM,OKAF@AEXTRACTS.COM,4054007720,BEGGS,74421,OKMULGEE,dispensaries,
CANNABIS CORNER 75  LLC ,DAAA-NYQE-9GDO,TOM@CANNABISCORNER75.COM,9186374700,BEGGS,74421,OKMULGEE,dispensaries, CANNABIS CORNER 75 LLC
HIGHWAY 75 DISPENSARY LLC ,DAAA-VKUN-SFRF,HWY75DISPENSARY@GMAIL.COM,9183505315,BEGGS,74421,OKMULGEE,dispensaries,
GRAND LAKE KUSH LLC ,DAAA-LAQA-IQWE,CONTACTUS@GRANDLAKEKUSH.COM,9185333387,BERNICE,74331,DELAWARE,dispensaries, GRAND LAKE KUSH
BIG DADDY'S MARIJUANA DISPENSARY INC. ,DAAA-N1GZ-WRDU,HOLZBAUGH@YAHOO.COM,4058378873,BETHANY,73008,OKLAHOMA,dispensaries, BIG DADDY'S MARIJUANA DISPENSARY
BUDDHA BUDS DISPENSARY LLC ,DAAA-NZ9R-WG4E,AUSTINWADEPAYNE11@GMAIL.COM,4055217887,BETHANY,73008,OKLAHOMA,dispensaries, BUDDHA BUDS DISPENSARY
"CHLMST, LLC ",DAAA-NJ2T-YOYC,EDWARD_7@LIVE.COM,4057063423,BETHANY,73008,OKLAHOMA,dispensaries, REVITALIZE WELLNESS
DENALI MANAGEMENT COMPANY LLC ,DAAA-J7YS-2IL8,TRAVIS@AZPREMIERMANAGEMENT.COM,6237346708,BETHANY,73008,OKLAHOMA,dispensaries, DENALI CANNABIS
OKLAHOMA CENTRAL HERB LLC ,DAAA-EKUU-MRZS,OK_CHECKERS@YAHOO.COM,4056250108,OKLAHOMA CITY,73117,OKLAHOMA,dispensaries, OKLAHOMA CENTRAL HERB
"CLASSEN DISPENSARY, LLC ",DAAA-EJJP-8GQP,JOSH.THOMAS@THOMASGROWERS.COM,4056152495,OKLAHOMA CITY,73118,OKLAHOMA,dispensaries,
"CLASSEN35, LLC ",DAAA-4Y3H-R3MX,GABEOKC001@GMAIL.COM,4058245371,OKLAHOMA CITY,73118,OKLAHOMA,dispensaries, DBA ROGUE CANNABIS CO.
DAJ CLASSEN LLC ,DAAA-NKLR-TJCD,GEEFAM2013@GMAIL.COM,4054107649,OKLAHOMA CITY,73118,OKLAHOMA,dispensaries, BLOOM CANNABIS CO.
HERBAL EINSTEIN LLC ,DAAA-EYSG-GEF8,RAMELW@ICLOUD.COM,2539051055,OKLAHOMA CITY,73118,OKLAHOMA,dispensaries, HERBAL EINSTEIN
KH SUPPLY LLC ,DAAA-VKOK-ZAI4,BTJ@BRIANTEDJONES.COM,4056398497,OKLAHOMA CITY,73118,OKLAHOMA,dispensaries,
"PRAIRIE DRIVE, LLC ",DAAA-NJ5Z-FV5D,TMJRHOLDINGS@GMAIL.COM,4055344425,OKLAHOMA CITY,73118,OKLAHOMA,dispensaries, MOSAIC PLUS
"SAGE CANNABIS, LLC ",DAAA-EJKJ-1YIO,SAGWELLNESSOKC@GMAIL.COM,4058879830,OKLAHOMA CITY,73118,OKLAHOMA,dispensaries, NA
"THE EMBASSY OKC, LLC ",DAAA-41FU-UUQQ,BANGBROTHERSFIREWORKS@GMAIL.COM,4242020729,OKLAHOMA CITY,73118,OKLAHOMA,dispensaries,
BIG DADDY'S MARIJUANA DISPENSARY INC. ,DAAA-4YL3-TKUH,HOLZBAUGH@YAHOO.COM,4058378873,OKLAHOMA CITY,73119,OKLAHOMA,dispensaries,
"CANNACORP18, LLC ",DAAA-EYPE-POPZ,DLEONARDOK@YMAIL.COM,4056305777,OKLAHOMA CITY,73119,OKLAHOMA,dispensaries, CANNABUS DISPENSARY
CHECK GREEN LLC ,DAAA-NJDI-YKNP,DAVIDHOWARDJR05@GMAIL.COM,4053703725,OKLAHOMA CITY,73119,OKLAHOMA,dispensaries, ELEVATED REMEDIES
CITY BUDZ DISPENSARY LLC ,DAAA-VKKR-VZRU,ALCEDRICKELLY@GMAIL.COM,4052554358,OKLAHOMA CITY,73119,OKLAHOMA,dispensaries,
ELEVATED REMEDIES LLC ,DAAA-KL96-R7R0,ELEVATEDREMEDIESOK@GMAIL.COM,4055033611,OKLAHOMA CITY,73119,OKLAHOMA,dispensaries, ELEVATED REMEDIES
"INDEFINITE BUDS, INC. ",DAAA-4KRR-OP6G,SCMULLINS310@GMAIL.COM,4053431038,OKLAHOMA CITY,73119,OKLAHOMA,dispensaries,
"KETAMA, INC ",DAAA-4KNJ-OTSU,KETAMABOUTIQUES@YAHOO.COM,4057578197,OKLAHOMA CITY,73119,OKLAHOMA,dispensaries, KETAMA
LEFTY'S LLC ,DAAA-V1DM-BDUS,LEFTYS0420@GMAIL.COM,4056969675,OKLAHOMA CITY,73119,OKLAHOMA,dispensaries,
MAMA JUANA BUDZ LLC ,DAAA-NYQ1-V1MH,MORTONCLRK@YAHOO.COM,4056939990,OKLAHOMA CITY,73119,OKLAHOMA,dispensaries,
MIND BODY & VIBES LLC ,DAAA-VKWC-X8R3,OLBIN.QUINONEZ@GMAIL.COM,9185234812,OKLAHOMA CITY,73119,OKLAHOMA,dispensaries, MIND BODY & VIBES LLC
RELEAF ORGANIX CANNABIS COMPANY ,DAAA-KYBQ-9MOL,ELITEOKC@GMAIL.COM,4054138418,OKLAHOMA CITY,73119,OKLAHOMA,dispensaries, RELEAF ORGANIX
"THE GREEN ZONE, LLC ",DAAA-VKJ1-MWIW,THEGREENZONE1987@GMAIL.COM,4056586878,OKLAHOMA CITY,73119,OKLAHOMA,dispensaries, THE GREEN ZONE
"THE POT HOUSE DISPENSARY SOUTH, LLC ",DAAA-ZQJR-ADNU,THEPOTHOUSEDISPENSARY@GMAIL.COM,9402493362,OKLAHOMA CITY,73119,OKLAHOMA,dispensaries, THE POT HOUSE
TINK'S SPOT DISPENSARY LLC ,DAAA-CGA8-VV1X,TINKSSPOTDISPENSARY@GMAIL.COM,4052486054,OKLAHOMA CITY,73119,OKLAHOMA,dispensaries,
TREES CANNABIS CONNECTION ,DAAA-EYF4-I71W,RODNEY89FENNELL@GMAIL.COM,4053396626,OKLAHOMA CITY,73119,OKLAHOMA,dispensaries, TREES CANNABIS CONNECTION LLC
ALONG CAME MARY WELLNESS LLC ,DAAA-41YH-QEKW,BTJ@BRIANTEDJONES.COM,4056398497,OKLAHOMA CITY,73120,OKLAHOMA,dispensaries,
ANATHALLO WELLNESS LLC ,DAAA-2B4Y-EKFT,DLCHRISTIAN60@GMAIL.COM,4052500109,OKLAHOMA CITY,73120,OKLAHOMA,dispensaries, ANATHALLO WELLNESS
ANGEL FARMHOUSE LLC ,DAAA-TYLZ-TRCZ,TNTCANNABIS@GMAIL.COM,4054259992,OKLAHOMA CITY,73120,OKLAHOMA,dispensaries, TNT CANNABIS GROUP
"DREAMLUX, LLC ",DAAA-UA7Q-YSUA,RAMOS5121@HOTMAIL.COM,7374145514,OKLAHOMA CITY,73120,OKLAHOMA,dispensaries, DREAMLUX
"FRIENDLY MARKET OKC, LLC ",DAAA-4KIK-BGLG,FRIENDLY.PARADIGM@GMAIL.COM,4053649898,OKLAHOMA CITY,73120,OKLAHOMA,dispensaries, FRIENDLY MARKET OKC
"GREEN BLOC, LLC ",DAAA-4Y4T-NS31,COREXTREMESPORTS@GMAIL.COM,4054138646,OKLAHOMA CITY,73120,OKLAHOMA,dispensaries, GREEN BLOC
"LIKEWISE CANNABIS X ROOTED ZEN, LLC ",DAAA-3DII-O3FM,ROOTEDZENDISPENSARY@GMAIL.COM,4055371433,OKLAHOMA CITY,73120,OKLAHOMA,dispensaries,
MXZ PRODUCTS LLC ,DAAA-4J5H-ZBVD,BTJ@BRIANTEDJONES.COM,4056398497,OKLAHOMA CITY,73120,OKLAHOMA,dispensaries,
NATIVE BROTHERS CBD & DISPENSARY LLC ,DAAA-VYTX-HIOJ,WILEYKEITH26@GMAIL.COM,4056951649,OKLAHOMA CITY,73120,OKLAHOMA,dispensaries,
"OKLADISPO QUAIL SPRINGS, LLC ",DAAA-4KAJ-13TE,BLAKE@THEPEAKOK.COM,4055340005,OKLAHOMA CITY,73120,OKLAHOMA,dispensaries, THE PEAK QUAIL SPRINGS DISPENSARY
PONCA CITY DISPENSARY INC ,DAAA-VKNP-T42C,JVL.KIRBY@GMAIL.COM,5807890284,OKLAHOMA CITY,73120,OKLAHOMA,dispensaries, VICE MEDICAL CANIBAS
QUAIL GREENS INC. ,DAAA-VYBO-V3GN,JOHN_KELLY@SBCGLOBAL.NET,4053142675,OKLAHOMA CITY,73120,OKLAHOMA,dispensaries, QUAIL GREENS INC.
TEGRIDY MARKET ,DAAA-VJQI-FWZA,TEGRIDYMARKET@GMAIL.COM,4054123149,OKLAHOMA CITY,73120,OKLAHOMA,dispensaries, TEGRIDY MARKET & MERCANTILE
"VERTICA ORGANICS, LLC ",DAAA-NJVE-T1PL,CDCARTER@CRAIGCARTERASSOCIATES.COM,4058238107,OKLAHOMA CITY,73120,OKLAHOMA,dispensaries, VERTICA
ANU' CANNABIS CURE  LLC ,DAAA-V1IE-PMFL,MSATTITUDE64@YAHOO.COM,4053121099,OKLAHOMA CITY,73121,OKLAHOMA,dispensaries,
AUTUMN STRAINS LLC ,DAAA-4Y4H-ARWD,TOPPADON@COX.NET,4055284866,OKLAHOMA CITY,73121,OKLAHOMA,dispensaries," AUTUMN STRAINS NE 23RD STREET, DISPENSARY"
TOUCANNABIS WELLNESS CO. LLC ,DAAA-VK3F-UM9W,4MARILYNMURPHY@COX.NET,4056236867,OKLAHOMA CITY,73121,OKLAHOMA,dispensaries,
LIIT FACTORY ,DAAA-R8WO-PDIC,MRBMAYES@YAHOO.COM,4058087843,OKLAHOMA CITY,73122,OKLAHOMA,dispensaries, LIIT FACTORY
LIT CC LLC ,DAAA-BQCK-KCKL,THEBRANDONESTRADA@GMAIL.COM,4052481992,OKLAHOMA CITY,73122,OKLAHOMA,dispensaries, LIT CANNABIS CLUB
Z&Z BEST BUDZ ,DAAA-E167-JBCU,RASHIDAJW@HOTMAIL.COM,4058219496,OKLAHOMA CITY,73122,OKLAHOMA,dispensaries, Z&Z BEST BUDZ
ATTITUDE ORGANICS LLC ,DAAA-N1CO-JXEH,ATTITUDEORGANICS@GMAIL.COM,7199630722,OKLAHOMA CITY,73127,OKLAHOMA,dispensaries, ATTITUDE ORGANICS
"BB BUDZ, LLC ",DAAA-EJFD-2GIZ,BRAD@OKIEROOTS.COM,4057400093,OKLAHOMA CITY,73127,OKLAHOMA,dispensaries, OKIE ROOTS CANNABIS COMPANY
BEST LEAF ONE INC ,DAAA-VKJF-K3OP,CAPTBUGS@HOTMAIL.COM,4058127815,OKLAHOMA CITY,73127,OKLAHOMA,dispensaries, GANJA CITY
"EDGE ENTERPRISES, LLC ",DAAA-NKAM-N3OB,JASONPMACKEY74@GMAIL.COM,4057065122,OKLAHOMA CITY,73127,OKLAHOMA,dispensaries, GREEN DOG DISPENSARY
"GANJA, LLC ",DAAA-6DLO-8O1C,BK4BIZ1@GMAIL.COM,6823651030,OKLAHOMA CITY,73127,OKLAHOMA,dispensaries, GANJA
GIGGLY BUSH LLC ,DAAA-WFDC-6Y5M,TDTHOMPSON1971@HOTMAIL.COM,4056198023,OKLAHOMA CITY,73127,CANADIAN,dispensaries, GIGGLY BUSH
GRATEFUL MED ,DAAA-E1OO-ZRML,SHARPER1053@GMAIL.COM,4054172493,OKLAHOMA CITY,73127,OKLAHOMA,dispensaries, GRATEFUL MED DISPENSARY
GREEN ST. LLC ,DAAA-MRRY-QQJP,CAKED405@GMAIL.COM,4056725388,OKLAHOMA CITY,73127,OKLAHOMA,dispensaries, CAKED CANNABIS
GREEN VIBES DISPENSARY LLC ,DAAA-4JBN-0KZI,YOLANDA.PUENTE@YAHOO.COM,4056377475,OKLAHOMA CITY,73127,OKLAHOMA,dispensaries,
"KUSH LAND, LLC ",DAAA-80HL-OE32,KUSHLAND8139D@YAHOO.COM,4059196785,OKLAHOMA CITY,73127,OKLAHOMA,dispensaries," KUSH LAND, LLC"
NICE LEAF LLC ,DAAA-V7T5-QNG5,REZAFAZEL1894TEH@YAHOO.COM,4052408391,OKLAHOMA CITY,73127,OKLAHOMA,dispensaries, ZIGGYZ PLUS
"OKC CONNOISSEUR CANNABIS, LLC ",DAAA-EKMS-FCTU,TOPKOV@AOL.COM,4054939380,OKLAHOMA CITY,73127,OKLAHOMA,dispensaries,
PERFECT TWIST LLC ,DAAA-ZZSP-JUEC,TRUONGJPHAM@GMAIL.COM,4052194685,OKLAHOMA CITY,73127,OKLAHOMA,dispensaries, PERFECT TWIST
PURPLE PUDDLE GROWERS LLC ,DAAA-VJIW-GD7L,MASONBRIANNE3@GMAIL.COM,4056691938,OKLAHOMA CITY,73127,OKLAHOMA,dispensaries, KUSH GARDENS
SPACE AGE GREENERY INC ,DAAA-IID6-JD8A,SPACEAGEGREENARY@GMAIL.COM,4055006090,OKLAHOMA CITY,73127,OKLAHOMA,dispensaries, SPACE AGE
THE POTHOUSE DISPENSARY LLC ,DAAA-EY90-AFHH,THEPOTHOUSEDISPENSARY@GMAIL.COM,4243818822,OKLAHOMA CITY,73127,OKLAHOMA,dispensaries, THE POT HOUSE
THIRD STATE LLC ,DAAA-VJLL-XCJE,JBAKERLAC@GMAIL.COM,7074998587,OKLAHOMA CITY,73127,OKLAHOMA,dispensaries, BAKERS MEDICAL
"TJS, LLC ",DAAA-4KHT-KLQH,SAMMIE177@GMAIL.COM,4059220755,OKLAHOMA CITY,73127,OKLAHOMA,dispensaries,
U CITIZENZ LTD CO ,DAAA-EYOH-TXWP,KYLE@UNRULYCITIZENS.COM,4052007343,OKLAHOMA CITY,73127,OKLAHOMA,dispensaries, AREA 420
"UNCLE JOHN'S DISPENSARY, LLC ",DAAA-41O2-5WGO,KMUEGGENBORG22@GMAIL.COM,4058332208,OKLAHOMA CITY,73127,OKLAHOMA,dispensaries," UNCLE JOHN'S DISPENSARY, LLC"
"ALL-CITY PLUG, LLC ",DAAA-4JTU-JHTZ,ALLCITYPLUG@GMAIL.COM,4056300466,OKLAHOMA CITY,73128,OKLAHOMA,dispensaries, ALL CITY PLUG SOUTH MACARTHUR
DANK PLUG LLC ,DAAA-170R-DYNR,DANKPLUG@YAHOO.COM,4058886606,OKLAHOMA CITY,73128,CANADIAN,dispensaries, DANK PLUG LLC
FIRE INDUSTRY LLC ,DAAA-EJVL-KALP,JOSHCAMDEN191@GMAIL.COM,7022865237,OKLAHOMA CITY,73128,OKLAHOMA,dispensaries, FIRE INDUSTRY LLC
SECRET GARDEN DISPENSARIES LLC ,DAAA-NJXU-288B,CHRIS.COSSEY@CANNA-HAUL.COM,4058374937,OKLAHOMA CITY,73128,CANADIAN,dispensaries, SECRET GARDEN DISPENSARY
"WEST M.G. ENTERPRISE, LLC. ",DAAA-YHDY-UOVB,MARLEY@MGDISPENSARY.COM,6822340105,OKLAHOMA CITY,73128,OKLAHOMA,dispensaries, MARLEY'S GARDEN
BAO LOC ENTERPRISES LLC ,DAAA-MX7A-7XQ5,TJIMTRUONG@YAHOO.COM,4054122557,OKLAHOMA CITY,73129,OKLAHOMA,dispensaries, ELEVATION DISPENSARY
BESPOKE AGRICULTURAL INDUSTRIES INC ,DAAA-NYFI-TYRU,SCOTTKANATSKY@GMAIL.COM,9099190590,OKLAHOMA CITY,73129,OKLAHOMA,dispensaries, OGFARMA
DANK PLUG LLC ,DAAA-MJ1R-246S,DANKPLUG@YAHOO.COM,4058886606,OKLAHOMA CITY,73129,OKLAHOMA,dispensaries, DANK PLUG
ELITE LEAF L.L.C. ,DAAA-VKNW-JVIT,MBR.ELECTRIC@YAHOO.COM,4054123461,OKLAHOMA CITY,73129,CLEVELAND,dispensaries,
GAS HOUSE DISPENSARY LLC ,DAAA-NJLE-AGTM,STEVEN_HERNANDEZ85@YAHOO.COM,4058816587,OKLAHOMA CITY,73129,OKLAHOMA,dispensaries, GAS HOUSE DISPENSARY LLC
GOOD PEOPLE INVESTMENTS LLC ,DAAA-VK5L-YTPB,BESTJOINTINTOWN@GMAIL.COM,9703095760,OKLAHOMA CITY,73129,OKLAHOMA,dispensaries, STASH CANNABIS COMPANY
"GREENHOUSE PARTNERS, LLC ",DAAA-N1AG-NNF6,HOSSAINMDASFAK@GMAIL.COM,4053269026,OKLAHOMA CITY,73129,OKLAHOMA,dispensaries, GREENHOUSE
MARIHAHA LLC ,DAAA-4YEA-G2OE,SKYLER@MARIHAHA.COM,4695161916,OKLAHOMA CITY,73129,OKLAHOMA,dispensaries, MARIHAHA LLC SOUTH EAST 44TH
"MULLINS UNLIMITED, INC. ",DAAA-4JQS-PSBD,BUDSUNLIMITEDOKC@GMAIL.COM,4053431038,OKLAHOMA CITY,73129,OKLAHOMA,dispensaries, BUDS UNLIMITED
NATIVE CANNABIS CURES OF OKLAHOMA LLP ,DAAA-LS7I-4XLZ,JUSTIN@NATIVECURESOK.COM,4059737584,OKLAHOMA CITY,73129,OKLAHOMA,dispensaries, NATIVE CURES
NATURES CURE DISPENSERY ,DAAA-EJCC-QANO,LIZTRUJILLO73500@GMAIL.COM,4056795859,OKLAHOMA CITY,73129,OKLAHOMA,dispensaries, NATURES CURE
"OC GOLDLEAF, LLC ",DAAA-4KGA-SEZJ,HARRY@OCGOLDLEAF.COM,8109230993,OKLAHOMA CITY,73129,OKLAHOMA,dispensaries,
PUFFY INVESTMENT INC ,DAAA-GBXB-ASBV,ZAWSWE@GMAIL.COM,4056791999,OKLAHOMA CITY,73129,OKLAHOMA,dispensaries, PUFFY
HIGHLAND HEALING LLC ,DAAA-NKFU-QRWY,JESSICA.WILL09@GMAIL.COM,4055468686,OKLAHOMA CITY,73131,OKLAHOMA,dispensaries, HIGHLAND HEALING
"NEXLEAF DISPENSARY, LLC ",DAAA-VYUT-JHHM,NEXLEAF.OK@GMAIL.COM,3362104490,OKLAHOMA CITY,73131,OKLAHOMA,dispensaries," NEXLEAF DISPENSARY, LLC"
"DANA`S GREEN DEPOT, LLC ",DAAA-VJ82-ONWT,DANASGREENDEPOT@OUTLOOK.COM,2144771558,OKLAHOMA CITY,73132,OKLAHOMA,dispensaries,
"FANTASTIC RISE, LLC ",DAAA-MA4U-R2VF,PJACK@INBOX.COM,4058169093,OKLAHOMA CITY,73132,OKLAHOMA,dispensaries, FANTASTIC RISE
NATURE'S CURE DISPENSARY II LLC ,DAAA-NJNQ-5XKZ,LIZTRUJILLO73500@GMAIL.COM,4056795859,OKLAHOMA CITY,73132,OKLAHOMA,dispensaries, NATURE'S CURE DISPENSARY II LLC
PUFF'S PALACE ,DAAA-KXKS-JCLF,MELISHA.ET@GMAIL.COM,4058314697,OKLAHOMA CITY,73132,OKLAHOMA,dispensaries,
"SAFE ACCESS SERVICES, LLC ",DAAA-41XC-TTJH,WENDYAUMANN@YAHOO.COM,4058378718,OKLAHOMA CITY,73132,OKLAHOMA,dispensaries, PLANET 420
STRAIGHT FIRE LLC ,DAAA-VKGO-4SKC,TUNG3737@YAHOO.COM,4056949343,OKLAHOMA CITY,73132,OKLAHOMA,dispensaries,
"THE SMELLY CLOUD, LLC ",DAAA-E1RB-2YTM,VIC@CANNABLESS.CO,4056354814,OKLAHOMA CITY,73132,OKLAHOMA,dispensaries, CANNABLESS
URBAN FLORA APOTHECARY LLC ,DAAA-N1CM-JQ78,KARI_CUNNINGHAM@YAHOO.COM,4059968061,OKLAHOMA CITY,73132,OKLAHOMA,dispensaries, URBAN FLORA
"BANKS MILLER & ASSOCIATES, LLC ",DAAA-CW5F-ABK2,JEREMYFMILLER@YAHOO.COM,560999804,OKLAHOMA CITY,73134,OKLAHOMA,dispensaries, THE BUD BAR
ELEVATED CONNECTIONS INC ,DAAA-N1IL-VQ7H,ROBINOGRADY1961@GMAIL.COM,4053143877,OKLAHOMA CITY,73134,OKLAHOMA,dispensaries, RINGSIDE MEDICAL
KC GREEN BUD LLC ,DAAA-NYPQ-VCBZ,PARVINMOMTAZ7719@GMAIL.COM,4058876183,OKLAHOMA CITY,73134,OKLAHOMA,dispensaries, KC GREEN BUD LLC
ALBERT MELVIN JR ,DAAA-41F3-T9ZU,AMELVINJR@YAHOO.COM,4054763315,OKLAHOMA CITY,73135,OKLAHOMA,dispensaries, THE MEDICINE MAN
EDEN VENTURES INC. ,DAAA-VKZD-OMYX,LASIARSHAD@GMAIL.COM,2813098908,OKLAHOMA CITY,73135,OKLAHOMA,dispensaries, EDEN CANNABIS CO.
GREEN MART LLC ,DAAA-EJ0I-MRDF,HELLO@SHOPGREENMART.COM,4052007897,OKLAHOMA CITY,73135,OKLAHOMA,dispensaries, GREEN MART
KFK LLC ,DAAA-G5EN-FFNV,KFORKUSHOK@GMAIL.COM,4059790536,OKLAHOMA CITY,73135,OKLAHOMA,dispensaries, K FOR KUSH
SPENAGRI CORPORATION ,DAAA-EKVM-HXCU,PHILIPSPENCER@SPENAGRI.COM,4052057789,OKLAHOMA CITY,73135,OKLAHOMA,dispensaries, GRAND WELLNESS CENTER
STRIPEBACK CANNABIS CO. LLC ,DAAA-N1NF-YYIK,KNCOUSINO@GMAIL.COM,4055351735,OKLAHOMA CITY,73135,OKLAHOMA,dispensaries,
AMERICAN CANNABIS COMPANY LLC ,DAAA-VKAC-L5RL,HEALINGFARMS420@GMAIL.COM,5419443385,OKLAHOMA CITY,73139,OKLAHOMA,dispensaries, AMERICAN CANNABIS COMPANY
BANANA LEAF LLC. ,DAAA-RFSJ-6WIP,HARDIN0513@GMAIL.COM,4058751152,OKLAHOMA CITY,73139,CANADIAN,dispensaries, BANANA LEAF LLC.
BUDDY GREEN'S CANNABIS COMPANY LLC ,DAAA-V1AS-DMBS,BUDDYGREEN66@GMAIL.COM,4056598023,OKLAHOMA CITY,73139,OKLAHOMA,dispensaries, BUDDY GREEN'S CANNABIS COMPANY LLC
BUDZ DISPENSARY LLC ,DAAA-NKRA-BC4X,WEGOTBUDZ@GMAIL.COM,4053052264,OKLAHOMA CITY,73139,OKLAHOMA,dispensaries,
CANNABIS CABINET ,DAAA-N1QV-NLCR,BALANCEISKEY.CP@GMAIL.COM,4058820898,OKLAHOMA CITY,73139,OKLAHOMA,dispensaries, CANNABIS CABINET
GREENLEAF ORGANICS ,DAAA-NKLU-DBMF,GREENLEAFCBD@GMAIL.COM,4054467580,OKLAHOMA CITY,73139,OKLAHOMA,dispensaries, GIDDY'S PREMIUM CANNABIS
HIYAH GREEN MEDICINALS LLC ,DAAA-ZPMS-FJER,INFO.HIYAH@GMAIL.COM,4055351123,OKLAHOMA CITY,73139,OKLAHOMA,dispensaries, HIYAH GREEN MEDICINALS
LUCKY WORLD LLC ,DAAA-4JRS-BH9E,JEFFERSON_TRUJILLO@YAHOO.COM,9186476583,OKLAHOMA CITY,73139,OKLAHOMA,dispensaries, LUCKY LEAF CANNABIS  COMPANY
MARIHAHA SOUTH ,DAAA-NJO2-0Q41,SKYLER@CENTERSTAGEENTERTAINMENT.COM,4695161916,OKLAHOMA CITY,73139,OKLAHOMA,dispensaries, MARIHAHA LLC
"MOORE MEDICAL MARIJUANA, LLC ",DAAA-NJDJ-NHGF,RICMOORE1@GMAIL.COM,4052594420,OKLAHOMA CITY,73139,OKLAHOMA,dispensaries, REDBUD MEDICAL MJ
"OKLAHOMA KUSH COUSINS, LLC ",DAAA-EKGA-SAD8,KUSHCOUSINSOKC@GMAIL.COM,4056986018,OKLAHOMA CITY,73139,OKLAHOMA,dispensaries, OKLAHOMA KUSH COUSINS
SMOKIN' OKIES CANNABIS COMPANY LLC ,DAAA-9GQO-DC5N,SMOKINOKIESCANNABIS@GMAIL.COM,4056307342,OKLAHOMA CITY,73139,CLEVELAND,dispensaries,
"STARLIGHT INDUSTRY, LLC ",DAAA-NYRM-GHUL,STARLIGHTOKC@GMAIL.COM,4054738874,OKLAHOMA CITY,73139,OKLAHOMA,dispensaries, STARLIGHT DISPENSARY
"THE GREEN'S BAKERY, LLC ",DAAA-N1WM-DIMD,THEGREENSBAKERY@GMAIL.COM,4054090339,OKLAHOMA CITY,73139,OKLAHOMA,dispensaries, THE GREEN'S BAKERY
TREE KINGS DISPENSARYS ,DAAA-EOKR-V1CS,INFO@TREEKINGSDISPENSARYS.COM,2538617422,OKLAHOMA CITY,73139,OKLAHOMA,dispensaries, TREE KINGS
TWICE BAKED EDIBLES LLC ,DAAA-VKYF-AQHD,FRITZ@WHITEBOX.NET,4055148169,OKLAHOMA CITY,73139,OKLAHOMA,dispensaries, GREEN PLUS
"TWIN FLAMES, LLC ",DAAA-4YLU-EWRE,JAON0280@GMAIL.COM,3059335294,OKLAHOMA CITY,73139,OKLAHOMA,dispensaries, TWIN FLAMES DISPENSARY
"ZAZA DISPENSARY, LLC ",DAAA-HFEF-9YPP,MKT.PROFIT77@GMAIL.COM,7135699917,OKLAHOMA CITY,73139,OKLAHOMA,dispensaries, NONE
ALL CITY PLUG SPENCER ,DAAA-N1PD-UKUI,ALLCITYPLUG@GMAIL.COM,4056300466,OKLAHOMA CITY,73141,OKLAHOMA,dispensaries," ALL CITY PLUG, LLC"
COUSINS CAN LLC ,DAAA-GHMX-NP6F,COUSINSCANNABIS@GMAIL.COM,4056136123,OKLAHOMA CITY,73141,OKLAHOMA,dispensaries, COUSIN'S CANNABIS
DAP RELIEF LLC ,DAAA-EKDH-OTGB,PJ@CBDPLUSUSA.COM,4054175333,OKLAHOMA CITY,73141,OKLAHOMA,dispensaries, LOTUS GOLD NICOMA PARK
"HERBAL PHOENIX, LLC ",DAAA-41FC-AHJY,CHRISTYCAIN2022@GMAIL.COM,4052599006,OKLAHOMA CITY,73141,OKLAHOMA,dispensaries, HERBAL PHOENIX
KUSH MUSEUM ,DAAA-8IWQ-ZEDM,DALAESHIAMCBROOM.KG@GMAIL.COM,4058129174,OKLAHOMA CITY,73141,OKLAHOMA,dispensaries, KUSH MUSEUM
LOUD CITY PHARMACEUTICAL L.L.C. ,DAAA-E1GU-HWCU,LOUDPHARM@GMAIL.COM,4052599014,OKLAHOMA CITY,73141,OKLAHOMA,dispensaries, LOUD PHARMACEUTICAL
"MOBILE MARIJUANA, LLC ",DAAA-YMBR-XZAY,GALAXY420LLC@GMAIL.COM,3165197596,OKLAHOMA CITY,73141,OKLAHOMA,dispensaries, GALAXY 420
PATIENTS OTHER TREATMENT LLC ,DAAA-VJCQ-EBV8,MARYFRANTZ74@GMAIL.COM,4055414101,OKLAHOMA CITY,73141,OKLAHOMA,dispensaries, PATIENTS OTHER TREATMENT LLC
"THE LAUGHING HYENA DISPENSARY, LLC ",DAAA-VKYB-NN2A,HOBBSRASHIDA@GMAIL.COM,9723392869,OKLAHOMA CITY,73141,OKLAHOMA,dispensaries, THE LAUGHING HYENA DISPENSARY
"JOE'S HERB CABINET, LLC ",DAAA-Z4L6-XHJX,JOESHERBSOK@GMAIL.COM,4055015627,OKLAHOMA CITY,73142,OKLAHOMA,dispensaries, JOE'S HERB CABINET
NORWEED ENTERPRISES LLC ,DAAA-EYXO-CTD8,NURSESSTATIONOK@GMAIL.COM,4052045462,OKLAHOMA CITY,73142,OKLAHOMA,dispensaries, NURSES STATION
OKCANNA LLC ,DAAA-VKRT-P5JU,WILLIAM.DANIEL.HOWARD@GMAIL.COM,4058226402,OKLAHOMA CITY,73142,OKLAHOMA,dispensaries, OKCANNA LLC
TRUWELL LLC ,DAAA-N1EW-BANV,TRUWELLHELP@GMAIL.COM,3212889703,OKLAHOMA CITY,73142,OKLAHOMA,dispensaries,
DOJA MANAGEMENT LLC ,DAAA-EJMD-V7BL,DOJACANNA@GMAIL.COM,4056250745,OKLAHOMA CITY,73149,OKLAHOMA,dispensaries, DOJA CANNABIS CO
FIRE UP LLC ,DAAA-ZAB7-HZF0,GSADEGHY@AOL.COM,4058375930,OKLAHOMA CITY,73149,OKLAHOMA,dispensaries, FIRE UP
MBJ89 LLC ,DAAA-VJUC-XTNV,DABNGOOK@GMAIL.COM,4059239734,OKLAHOMA CITY,73149,OKLAHOMA,dispensaries, DAB & GO
MR.RELEAF LLC ,DAAA-E1FB-4EHH,STEVEN.MRRELEAF@YAHOO.COM,4054231246,OKLAHOMA CITY,73149,OKLAHOMA,dispensaries, MR.RELEAF LLC
OKLAHOMA NATURAL CURES INC. ,DAAA-VJN1-MBQU,TARYNL2016@GMAIL.COM,4054735870,OKLAHOMA CITY,73149,OKLAHOMA,dispensaries, HIGH SOCIETY
RICCH HIPPEE WELLNESS LLC ,DAAA-KJIU-KQM2,JONESSYM91@GMAIL.COM,4058363642,OKLAHOMA CITY,73149,OKLAHOMA,dispensaries,
"CALIYIELD RETAIL, LLC ",DAAA-RFKH-A5CY,CALIYIELD@GMAIL.COM,8183980888,OKLAHOMA CITY,73159,CLEVELAND,dispensaries,
CANNABIS CAVE CORPORATION ,DAAA-EKFB-GGRF,CANNABISCAVEOKC@GMAIL.COM,4056276548,OKLAHOMA CITY,73159,OKLAHOMA,dispensaries, CANNABIS CAVE
GREEN LINE PHARMS LLC ,DAAA-VYMP-D3W5,JOHN@GREENLINEPHARMS.COM,4052415377,OKLAHOMA CITY,73159,OKLAHOMA,dispensaries, GREEN LINE PHARMS
GREEN MEDICAL PATIENTS LLC ,DAAA-XLVV-AOEQ,CHRIS@GREENDOC420.COM,2546308556,OKLAHOMA CITY,73159,CLEVELAND,dispensaries, GREENDOCTOR420
"IZEN RX, LLC ",DAAA-XY2Z-UVPU,DAN@ROMRIELLINVEST.COM,4054163995,OKLAHOMA CITY,73159,CLEVELAND,dispensaries," IZEN,RX"
"MILE HIGH DISPENSARY, LLC ",DAAA-E1M9-4CWH,RYAN.VICE@ICLOUD.COM,4057407926,OKLAHOMA CITY,73159,OKLAHOMA,dispensaries, CBD PLUS USA
"RAIN DANCE CANNABIS, LLC ",DAAA-YC3S-OD2E,VICTOR.MENDOZA.OK@GMAIL.COM,4056356864,OKLAHOMA CITY,73159,CLEVELAND,dispensaries, SMOKIN SAVAGE
"THC THE HEALING CANNABIS, LLC ",DAAA-4K5H-AFF7,MIKEARNETT1@GMAIL.COM,4057670522,OKLAHOMA CITY,73159,OKLAHOMA,dispensaries,
THE GREEN LIGHT LLC ,DAAA-41YC-QCW0,ROBSGREENLIGHT420@GMAIL.COM,4052373470,OKLAHOMA CITY,73159,OKLAHOMA,dispensaries, THE GREEN LIGHT LLC
"TOP FLIGHT DISTRIBUTION,LLC ",DAAA-EJO0-RERR,TERRY@GPODHS.COM,7602881530,OKLAHOMA CITY,73159,OKLAHOMA,dispensaries, TOP FLIGHT
TWISTED EXTRACTS LLC ,DAAA-4K1N-BVGH,MASONBRIANNE3@GMAIL.COM,4056691938,OKLAHOMA CITY,73159,OKLAHOMA,dispensaries,
"A & R MED SHOP, LLC ",DAAA-WZD3-T2IA,MEDSHOP405@GMAIL.COM,8704504444,OKLAHOMA CITY,73162,OKLAHOMA,dispensaries," MEDSHOP405, LLC"
WEEDMART LLC. ,DAAA-QPR8-RHZM,WEEDMARTLC@GMAIL.COM,9182080955.0,VIAN,74962,SEQUOYAH,dispensaries, WEEDMART #2
NORTH WEST HEALING LLC ,DAAA-41LM-T4DT,NORTHWESTHEALINGLLC@GMAIL.COM,5809953378.0,VICI,73859,DEWEY,dispensaries, NORTH WEST HEALING LLC
CLASSY HOLDINGS LLC ,DAAA-M33A-X5DT,JASON@UGRLABS.COM,7606006809.0,VINITA,74301,CRAIG,dispensaries, CLASSY GRASS
COPPERHEAD HOLLOW DISPENSARY LLC ,DAAA-4YUT-TXLD,FLHTCMAN@LIVE.COM,9188036975.0,VINITA,74301,CRAIG,dispensaries, COPPERHEAD HOLLOW DISPENSARY LLC
GREEN CROSS DISPENSARY ,DAAA-4KNM-UNC6,PARKCARTER43@ICLOUD.COM,9183231927.0,VINITA,74301,CRAIG,dispensaries, GREEN CROSS DISPENSARY
KANEH KEYS LLC ,DAAA-NYIC-VUA4,LORIEKEYS777@GMAIL.COM,9186072474.0,VINITA,74301,CRAIG,dispensaries, LOTUS GOLD
MEDS USA ,DAAA-NKYE-LSQ7,MEDSUSAVINITAOK@GMAIL.COM,9182612848.0,VINITA,74301,CRAIG,dispensaries,
NATURAL FINE HERBS LLC ,DAAA-41QV-ZHXL,SOUAYANG85@HOTMAIL.COM,9188152524.0,VINITA,74301,CRAIG,dispensaries," NATURAL FINE HERBS, LLC"
"PAPER PLANES, LLC ",DAAA-VJI0-80CT,THEHALLWAY999@GMAIL.COM,3167087267.0,VINITA,74301,CRAIG,dispensaries, REFINED FLOWER OF VINITA
CHARLES THOMAS GIBSON ,DAAA-41WT-TAUU,CHARLESTHOMAS.GIBSON@GMAIL.COM,9183607085.0,WAGONER,74467,WAGONER,dispensaries, DUB TOWN CANNABIS
DUBTOWN DANK LLC ,DAAA-VJ2F-E1LU,DUBTOWNDANK420@GMAIL.COM,9188645284.0,WAGONER,74467,WAGONER,dispensaries, DUBTOWN DANK
"EVO CANNABIS COMPANY WAGONER, LLC ",DAAA-EJBO-0YKK,TIK@EVOLUTIONONLINE.COM,9182075436.0,WAGONER,74467,WAGONER,dispensaries,
FOREVA BUZZIN LTD. CO. ,DAAA-VK5M-WPMO,FOREVABUZZINLTD.CO.62@GMAIL.COM,9184028203.0,WAGONER,74467,WAGONER,dispensaries, FOREVA BUZZIN LTD.CO.
"GREEN LIFE DISPENSARY, LLC ",DAAA-4J6I-P7RU,GREENLIFEDISPENSARY@YAHOO.COM,9187799655.0,WAGONER,74467,WAGONER,dispensaries," GREEN LIFE DISPENSARY, LLC"
"SOONER RELEAF, LLC ",DAAA-M0HE-JONV,SOONERRELEAF@GMAIL.COM,9186880889.0,GLENPOOL,74033,TULSA,dispensaries, NONE
THE LIFTED GREEN LLC ,DAAA-CEBU-AKK1,LIFTEDRELEAF@GMAIL.COM,9189510839.0,GLENPOOL,74033,TULSA,dispensaries, LIFTED RELEAF
DISPENSARIES UNLIMITED ,DAAA-E1DW-FC3J,RHARMON@PLDI.NET,4057602601.0,GOLDSBY,73093,MCCLAIN,dispensaries, THE HIGHWAY CONNECTION
TWO RIVERS CANNABIS COMPANY ,DAAA-NJL6-5XPD,BCROWS00@GMAIL.COM,9182084084.0,GORE,74435,SEQUOYAH,dispensaries,
STONED 4 SURVIVAL L.L.C. ,DAAA-EKE1-9RYV,STONED4SURVIVAL@GMAIL.COM,5807435915.0,GRANT,74738,CHOCTAW,dispensaries, STONED 4 SURVIVAL
"ANCIENT ROOTS CANNABIS, LLC. ",DAAA-AALJ-UAYH,HAMPTONACCOUNTING@YAHOO.COM,9188013389.0,GROVE,74344,DELAWARE,dispensaries," ANCIENT ROOTS CANNABIS, LLC."
CANNA JACKS LLC ,DAAA-VJVI-3VOV,DOUGSHOME76377@YAHOO.COM,9189640002.0,GROVE,74344,DELAWARE,dispensaries, CANNA JACKS
CLASSY HOLDINGS LLC ,DAAA-PQUZ-3NKC,JASONELSASSERCV@GMAIL.COM,7606006809.0,GROVE,74344,DELAWARE,dispensaries, FULL TILT CANNABIS
"CORPORATION ASSET NETWORK ASSOCIATION, LLC ",DAAA-VKIH-IZIT,JEFFLUND52@GMAIL.COM,9186978310.0,GROVE,74344,DELAWARE,dispensaries, MINERVA CANNA
GB HERBAL WELLNESS INC ,DAAA-V16X-WOWD,GBHERBALWELLNESSINC@GMAIL.COM,9187914373.0,GROVE,74344,DELAWARE,dispensaries, GB HERBAL WELLNESS
"GRAND'S GOLDEN CANNA, LLC ",DAAA-NKNO-5MIN,GRANDSGOLDEN@GMAIL.COM,9188011158.0,GROVE,74344,DELAWARE,dispensaries, GRAND'S GOLDEN CANNA
GREEN CULTURE LLC ,DAAA-VYYK-MSWH,UAZHAR@GMAIL.COM,9188991919.0,GROVE,74344,DELAWARE,dispensaries, GREEN CULTURE GROVE
KING JAMES PHARMS LLC ,DAAA-B1TB-8JS3,DSHAPARD3@HOTMAIL.COM,4058249555.0,GROVE,74344,DELAWARE,dispensaries, KING JAMES PHARMS LLC
"MA &PA'S CANNA SHOP, INC ",DAAA-VKHG-WBBV,MANDPSCANNA@GMAIL.COM,9188016034.0,GROVE,74344,DELAWARE,dispensaries,
"NATURAL STATE DISPENSARY, INC. ",DAAA-4J28-DNFG,NATURALSTATEINC@GMAIL.COM,8706721085.0,HODGEN,74939,LE FLORE,dispensaries, NATURAL STATE DISPENSARY INC.
ADAM M ROMBERG ,DAAA-4KKN-MFOR,MEDICINELEAF420@GMAIL.COM,4057120515.0,HOLDENVILLE,74848,HUGHES,dispensaries, MEDICINE LEAF
CALI-PURE LLC ,DAAA-VJFV-FCNR,KJOHNSON@ROBINSONBROTHERSOFFROAD.COM,4053793169.0,HOLDENVILLE,74848,HUGHES,dispensaries, DAB DADDY
HI/LO BUDZ ,DAAA-5BUS-WPJC,MICKEY@HILOBUDZ.COM,1405203762.0,HOLDENVILLE,74848,HUGHES,dispensaries,
ROCKIN B DISPENSARY LLC ,DAAA-QGCA-ZN4E,BEVSANFORD54@GMAIL.COM,4057129952.0,HOLDENVILLE,74848,HUGHES,dispensaries,
"F'NA BUDS, LLC. ",DAAA-WLXZ-1SWQ,FNABUDS1@GMAIL.COM,5803810447.0,HOLLIS,73550,HARMON,dispensaries, F'NA BUDS
SLOW BURN MEDICAL DISPENSARY ,DAAA-V1YW-EXQD,DEREKWOODS14884@YAHOO.COM,5803187897.0,HOLLIS,73550,HARMON,dispensaries, SLOW BURN MEDICAL DISPENSARY
"SLOWBURN, LLC ",DAAA-TD8D-P0GM,KARLI.OLIVER7@GMAIL.COM,5803185165.0,HOLLIS,73550,HARMON,dispensaries,
THE CORNER JOINT LLC ,DAAA-NKUI-NJ4K,THECORNERJOINTLLC@GMAIL.COM,9182328810.0,HOMINY,74035,OSAGE,dispensaries, THE CORNER JOINT
TWO T'S TREES LLC ,DAAA-4K42-BQXD,RODNEY@THEJAMBROS.COM,5804613768.0,HOOKER,73945,TEXAS,dispensaries,
BIG BOY BUDZ LLC ,DAAA-HGDQ-31PI,BIGBOYBUDZ1@GMAIL.COM,2142065801.0,HUGO,74743,CHOCTAW,dispensaries, BIG BOY BUDZ
"CARDINAL HOLDINGS, LLC ",DAAA-VJN7-OUS3,HEATHER@WILDFLOWERBUDCO.COM,5802392771.0,HUGO,74743,CHOCTAW,dispensaries, WILD FLOWER BUD COMPANY
DEEP SOUTH GREENERY ,DAAA-NJZR-LY31,LANCESPARKS25@ME.COM,2147266479.0,HUGO,74743,CHOCTAW,dispensaries, DEEP SOUTH GREENERY
"ELITE CONCENTRATES COMPANAY, LLC ",DAAA-JVNG-VSAV,ELITECONCENTRATESLLC@GMAIL.COM,4053807879.0,HUGO,74743,CHOCTAW,dispensaries,
FOLO FARM LLC ,DAAA-BPV6-4RRW,MATT@STACYLEGALGROUP.COM,4058167228.0,MIAMI,74354,OTTAWA,dispensaries,
FRAPP HOUSE DISPENSARY ,DAAA-NYHS-ZHTA,PANBOI1000@GMAIL.COM,9183232216.0,MIAMI,74354,OTTAWA,dispensaries, FRAPP HOUSE DISPENSARY
FRITZ FIRE HOUSE MIAMI OK LLC ,DAAA-XK3W-F0ET,FRITZMMLLC@GMAIL.COM,9183814246.0,MIAMI,74354,OTTAWA,dispensaries, FRITZ FIRE HOUSE MIAMI OK LLC
GREEN CULTURE LLC ,DAAA-41CD-48KL,UAZHAR@GMAIL.COM,9188991919.0,MIAMI,74354,OTTAWA,dispensaries, GREEN CULTURE MIAMI
"HOMESTEAD HARVEST, LLC ",DAAA-GQQA-L2TI,JEREMY@WAMMHOLDINGSLLC.COM,4176294049.0,MIAMI,74354,OTTAWA,dispensaries,
KBMC GREEN LLC ,DAAA-SZ91-OZA6,MATT@STACYLEGALGROUP.COM,4058167532.0,MIAMI,74354,OTTAWA,dispensaries,
"MG RETAIL AND ASSOCIATES, LLC ",DAAA-E1QV-V6SW,FLIPPINFARMSLLC@GMAIL.COM,2252532267.0,MIAMI,74354,OTTAWA,dispensaries, FLIPPIN FARMS OF MIAMI
MITS FARMACY ,DAAA-EJHE-KGJE,TIMJERRI72@GMAIL.COM,9188013221.0,MIAMI,74354,OTTAWA,dispensaries, MITS FARMACY
SUGAR LEAF HOLDINGS LLC. ,DAAA-4KIO-BNFQ,JASONELSASSERCV@GMAIL.COM,7606006809.0,MIAMI,74354,OTTAWA,dispensaries, CLASSY GRASS ON MAIN
AMERICAN CANNABIS COMPANY LLC ,DAAA-WYC2-UXOW,HEALINGFARMS420@GMAIL.COM,4059999420.0,MIDWEST CITY,73110,OKLAHOMA,dispensaries, AMERICAN CANNABIS
ASHUTOSH D. CHATURVEDI ,DAAA-EJ09-JV7J,ASHUTOSH20@HOTMAIL.COM,3162004679.0,MIDWEST CITY,73110,OKLAHOMA,dispensaries, DIVINE HERBS
BCN INDUSTRIES LLC ,DAAA-O2RM-PKIN,JAY@KINGSCOAST.COM,9514734121.0,MIDWEST CITY,73110,OKLAHOMA,dispensaries, HIGH HOUSE
D&R ALTERNATE CARE INC ,DAAA-4JEC-SESC,OKCDISP@YAHOO.COM,2544850894.0,MIDWEST CITY,73110,OKLAHOMA,dispensaries, MEDPOINT420 MIDWEST
DOOBIES_MWC LLC ,DAAA-HFBM-4Q53,TIMSTHOMAS@AOL.COM,4052466153.0,MIDWEST CITY,73110,OKLAHOMA,dispensaries, DOOBIES_MWC
"EDEN PHARMACEUTICALS, LLC ",DAAA-4KPI-JYR0,MICAHAYS12@GMAIL.COM,4055842091.0,MIDWEST CITY,73110,OKLAHOMA,dispensaries, EDEN PHARMACEUTICALS
ELM STREET DISPENSARY LLC ,DAAA-41FK-MB4O,ELMSTREETDISPENSARY@GMAIL.COM,4054134979.0,MIDWEST CITY,73110,OKLAHOMA,dispensaries,
FRED'S FARMACOPIA EMPORIUM LTD ,DAAA-NKK7-YI9O,BAYW@FREDSFARMACOPIA.COM,4055014479.0,MIDWEST CITY,73110,OKLAHOMA,dispensaries,
"GREEN BEE MEDS, LLC ",DAAA-NK67-PT7I,KEVINBD@GMAIL.COM,6263751440.0,MIDWEST CITY,73110,OKLAHOMA,dispensaries,
"GREEN ELEPHANT DISPENSARY, LLC ",DAAA-EYMC-PF9C,OKLAHOMASIZE@AOL.COM,4054216408.0,MIDWEST CITY,73110,OKLAHOMA,dispensaries, GREEN ELEPHANT
HAPPY GOODFELLOW'S LLC ,DAAA-4JSH-J2LS,HAPPYGOODFELLOWS@GMAIL.COM,4055034450.0,MIDWEST CITY,73110,OKLAHOMA,dispensaries, GREEN PLUS
"HARRIBO, LLC ",DAAA-KYEI-KSD3,ZACBOMAR@LIVE.COM,4797193308.0,MIDWEST CITY,73110,OKLAHOMA,dispensaries, THE GREEN TEMPLE
K FOR KUSH LLC ,DAAA-4JRE-IM1Z,XEBIROKR@GMAIL.COM,4059790536.0,MIDWEST CITY,73110,OKLAHOMA,dispensaries, K FOR KUSH
PACHAMA LLC ,DAAA-EKU6-X2QE,K.SULLIVAN25@YAHOO.COM,8064338769.0,MIDWEST CITY,73110,OKLAHOMA,dispensaries, GREEN HEALTH CLINIC
"POT OF GOLD, LLC ",DAAA-0OSQ-M3HP,LISSA@POTOFGOLDLLC.COM,7204996170.0,MIDWEST CITY,73110,OKLAHOMA,dispensaries," POT OF GOLD, LLC"
RS.RV ENTERPRISES LLC ,DAAA-V1LJ-W4TL,MWC.OWNER@CBDPLUSUSA.COM,4054317677.0,MIDWEST CITY,73110,OKLAHOMA,dispensaries, CBD PLUS USA
SOUL LEAF LLC ,DAAA-EY8X-A4MI,S.FRANKLIN9@ICLOUD.COM,4052509520.0,MIDWEST CITY,73110,OKLAHOMA,dispensaries, SOUL LEAF
THE GREEN TEMPLE ,DAAA-NJ1I-KI0H,GMCCUTCHAN@GREAT-WESTCORP.COM,4054082618.0,MIDWEST CITY,73110,OKLAHOMA,dispensaries,
"TK0528, LLC ",DAAA-EK8Y-UVFR,KAIMBRIWHITE@CLIMB-COLLECTIVE.COM,4698882423.0,MIDWEST CITY,73110,OKLAHOMA,dispensaries, CAPITAL DANK
